301.273
307.159
317.140
323.323
324.972
331.149
333.901
337.779
338.898
341.457
342.167
344.819
345.575
348.594
349.321
349.586
351.678
353.371
354.020
355.568
357.430
357.854
357.930
358.410
360.932
361.084
362.090
362.767
363.951
365.281
365.505
366.630
367.419
367.786
367.991
369.273
369.440
369.796
369.834
370.377
370.813
372.351
373.018
373.090
373.591
373.673
373.770
373.870
375.060
376.070
376.957
377.133
377.639
378.037
378.386
378.439
378.544
379.416
379.424
379.463
380.027
380.181
380.399
381.294
381.351
381.503
381.515
381.624
381.750
382.804
382.848
383.068
383.321
384.024
384.323
384.424
384.517
385.210
385.529
385.624
385.782
385.950
386.442
386.780
386.989
387.050
387.105
387.216
387.352
387.665
387.693
387.854
388.148
388.275
388.452
388.623
388.658
388.779
388.953
389.630
389.991
390.203
390.312
390.519
390.572
390.734
391.004
391.170
391.225
391.287
391.577
391.804
391.894
392.005
392.335
392.616
392.783
393.024
393.027
393.127
393.146
393.391
393.515
393.723
393.732
393.824
393.880
393.998
394.058
394.382
394.409
394.613
394.777
395.057
395.066
395.275
395.279
395.314
395.381
395.411
395.436
395.459
395.660
395.968
396.126
396.214
396.299
396.304
396.367
396.536
396.577
396.729
396.773
396.886
397.017
397.283
397.661
397.762
397.769
398.052
398.195
398.358
398.492
398.598
398.800
398.836
399.273
399.346
399.353
399.416
399.458
399.542
399.586
399.587
399.616
399.746
399.811
400.045
400.048
400.129
400.198
400.229
400.332
400.382
400.643
400.812
400.842
400.881
400.932
401.066
401.104
401.213
401.273
401.311
401.412
401.471
401.541
401.559
401.844
401.872
401.985
402.055
402.150
402.214
402.237
402.277
402.323
402.340
402.751
402.758
402.765
402.792
402.818
402.826
402.877
402.897
402.918
402.964
402.984
403.000
403.001
403.036
403.253
403.384
403.405
403.478
403.635
403.666
403.833
403.867
403.881
403.916
403.965
404.166
404.253
404.361
404.488
404.552
404.580
404.807
404.864
404.884
404.950
404.963
405.052
405.111
405.276
405.357
405.361
405.395
405.510
405.529
405.546
405.622
405.716
405.738
405.891
405.906
406.001
406.109
406.151
406.159
406.186
406.255
406.261
406.286
406.306
406.352
406.383
406.412
406.466
406.562
406.618
406.774
406.837
406.872
407.177
407.178
407.252
407.272
407.388
407.435
407.445
407.547
407.594
407.599
407.626
407.705
407.720
407.797
407.805
408.053
408.072
408.243
408.271
408.290
408.313
408.330
408.333
408.411
408.434
408.456
408.520
408.528
408.548
408.671
408.775
408.781
408.851
408.957
409.017
409.091
409.152
409.185
409.228
409.239
409.253
409.253
409.259
409.261
409.264
409.350
409.356
409.390
409.469
409.532
409.593
409.612
409.657
409.713
409.739
409.773
409.817
409.821
409.826
410.006
410.021
410.083
410.244
410.344
410.455
410.461
410.536
410.598
410.826
410.909
410.945
411.015
411.040
411.119
411.145
411.233
411.265
411.273
411.304
411.309
411.334
411.396
411.417
411.432
411.518
411.603
411.656
411.663
411.684
411.692
411.712
411.716
411.839
411.860
411.949
412.083
412.125
412.133
412.208
412.257
412.273
412.281
412.329
412.350
412.393
412.419
412.431
412.479
412.493
412.505
412.516
412.608
412.614
412.652
412.733
412.816
412.857
412.934
413.074
413.087
413.089
413.094
413.096
413.113
413.193
413.246
413.289
413.370
413.404
413.405
413.544
413.569
413.579
413.592
413.642
413.760
413.791
413.798
413.811
413.836
413.862
413.925
413.957
413.984
413.990
414.020
414.216
414.269
414.299
414.367
414.386
414.404
414.405
414.489
414.564
414.604
414.615
414.720
414.853
414.857
414.881
414.886
415.018
415.021
415.024
415.028
415.095
415.128
415.287
415.301
415.302
415.458
415.517
415.599
415.625
415.642
415.688
415.719
415.722
415.761
415.923
415.948
416.006
416.019
416.029
416.100
416.105
416.185
416.186
416.210
416.240
416.245
416.282
416.395
416.464
416.494
416.513
416.534
416.556
416.682
416.703
416.709
416.775
416.780
416.869
416.909
416.925
416.927
416.952
417.031
417.049
417.055
417.096
417.123
417.155
417.164
417.257
417.305
417.315
417.423
417.460
417.486
417.490
417.496
417.679
417.731
417.735
417.740
417.781
417.797
418.014
418.036
418.202
418.263
418.268
418.280
418.393
418.438
418.468
418.478
418.534
418.576
418.590
418.618
418.642
418.694
418.788
418.852
418.881
418.899
418.911
418.916
418.936
418.972
419.042
419.098
419.108
419.124
419.139
419.190
419.214
419.398
419.521
419.595
419.605
419.628
419.659
419.718
419.758
419.798
419.861
419.876
419.897
419.922
419.928
419.948
419.981
420.044
420.057
420.119
420.236
420.364
420.373
420.502
420.504
420.631
420.659
420.665
420.696
420.735
420.887
420.888
420.916
420.919
420.954
420.990
421.019
421.093
421.101
421.136
421.158
421.177
421.183
421.212
421.359
421.466
421.521
421.533
421.603
421.629
421.686
421.686
421.795
421.842
421.888
421.923
421.980
421.995
422.001
422.005
422.044
422.204
422.264
422.385
422.539
422.573
422.609
422.725
422.837
422.855
422.871
422.945
422.967
423.001
423.016
423.068
423.092
423.139
423.172
423.241
423.346
423.389
423.412
423.461
423.533
423.546
423.619
423.694
423.740
423.775
423.897
423.960
424.077
424.081
424.099
424.176
424.266
424.388
424.398
424.426
424.545
424.558
424.567
424.616
424.618
424.668
424.672
424.704
424.723
424.763
424.770
424.807
424.828
424.880
424.951
424.995
425.090
425.093
425.098
425.113
425.200
425.241
425.346
425.346
425.394
425.405
425.555
425.581
425.612
425.644
425.854
425.883
426.006
426.038
426.080
426.182
426.269
426.275
426.410
426.476
426.512
426.681
426.725
426.746
426.777
426.845
426.883
426.938
426.957
426.962
427.125
427.155
427.247
427.357
427.399
427.461
427.565
427.601
427.647
427.683
427.705
427.755
427.756
427.779
427.952
428.048
428.122
428.140
428.235
428.312
428.361
428.381
428.382
428.411
428.459
428.482
428.503
428.518
428.544
428.590
428.794
428.795
428.806
428.846
428.868
428.902
428.948
428.963
428.998
429.020
429.073
429.171
429.196
429.316
429.351
429.388
429.480
429.496
429.510
429.812
429.934
429.995
430.009
430.095
430.313
430.338
430.385
430.403
430.433
430.534
430.544
430.650
430.678
430.689
430.791
431.002
431.024
431.121
431.171
431.208
431.217
431.217
431.221
431.324
431.332
431.387
431.407
431.428
431.438
431.457
431.536
431.558
431.603
431.697
431.863
431.891
431.925
431.991
431.995
431.998
432.034
432.055
432.195
432.219
432.285
432.491
432.616
432.766
432.862
432.867
433.034
433.109
433.127
433.232
433.384
433.398
433.464
433.521
433.530
433.596
433.642
433.676
433.718
433.721
433.729
433.889
433.892
433.901
433.923
433.985
434.017
434.137
434.315
434.327
434.371
434.413
434.420
434.500
434.544
434.565
434.623
434.649
434.696
434.723
434.733
434.762
434.813
434.852
434.912
434.922
435.059
435.109
435.229
435.303
435.432
435.447
435.481
435.546
435.569
435.662
435.765
435.902
435.911
435.918
435.968
435.986
436.035
436.042
436.055
436.212
436.372
436.411
436.545
436.600
436.626
436.662
436.712
436.737
436.864
436.874
436.918
436.987
436.992
437.008
437.022
437.136
437.200
437.287
437.303
437.319
437.339
437.359
437.392
437.432
437.448
437.460
437.585
437.610
437.752
437.833
437.955
438.010
438.011
438.078
438.098
438.103
438.106
438.260
438.309
438.323
438.388
438.411
438.461
438.539
438.759
438.878
438.908
438.928
439.025
439.062
439.111
439.122
439.224
439.340
439.388
439.426
439.428
439.456
439.462
439.505
439.636
439.692
439.817
439.818
439.827
439.840
439.893
439.948
440.031
440.042
440.065
440.178
440.195
440.225
440.245
440.292
440.495
440.518
440.660
440.660
440.672
440.678
440.686
440.748
440.809
440.818
440.840
440.852
440.889
440.889
441.074
441.103
441.229
441.235
441.321
441.413
441.487
441.598
441.704
441.710
441.782
441.828
441.850
441.865
441.952
442.008
442.073
442.086
442.106
442.202
442.273
442.274
442.288
442.312
442.335
442.339
442.350
442.386
442.546
442.570
442.636
442.686
442.720
442.777
443.007
443.058
443.127
443.160
443.178
443.243
443.252
443.355
443.360
443.382
443.402
443.424
443.439
443.561
443.574
443.656
443.684
443.726
443.811
443.821
443.862
443.870
443.898
444.065
444.113
444.154
444.215
444.257
444.274
444.274
444.275
444.316
444.361
444.454
444.474
444.506
444.533
444.553
444.559
444.601
444.710
444.711
444.792
444.796
444.840
444.846
444.906
445.116
445.121
445.144
445.272
445.355
445.489
445.591
445.630
445.632
445.684
445.736
445.738
445.769
445.839
445.874
445.881
445.888
445.900
445.944
445.974
446.012
446.025
446.114
446.154
446.214
446.244
446.263
446.286
446.332
446.333
446.353
446.363
446.427
446.447
446.509
446.521
446.531
446.543
446.576
446.632
446.663
446.725
446.769
446.775
446.826
446.879
446.886
446.925
446.966
447.025
447.126
447.180
447.289
447.325
447.344
447.496
447.622
447.639
447.706
447.808
447.821
447.839
447.851
447.852
447.891
447.940
447.953
447.991
448.012
448.045
448.108
448.154
448.178
448.206
448.216
448.217
448.222
448.312
448.349
448.361
448.396
448.402
448.431
448.437
448.438
448.500
448.535
448.561
448.568
448.644
448.667
448.695
448.746
448.747
448.771
448.815
448.819
448.870
448.954
449.138
449.209
449.229
449.303
449.348
449.361
449.370
449.479
449.496
449.536
449.587
449.598
449.639
449.668
449.684
449.706
449.776
449.819
449.875
449.883
449.913
449.988
450.061
450.115
450.153
450.162
450.177
450.228
450.251
450.252
450.262
450.285
450.302
450.304
450.307
450.318
450.357
450.370
450.418
450.423
450.439
450.444
450.450
450.510
450.524
450.573
450.685
450.687
450.687
450.725
450.771
450.772
450.838
450.851
450.874
450.964
451.005
451.012
451.030
451.097
451.128
451.173
451.195
451.263
451.314
451.412
451.420
451.433
451.446
451.633
451.668
451.718
451.752
451.776
451.801
451.838
451.859
451.892
451.895
451.959
451.968
451.974
451.987
451.995
452.001
452.044
452.063
452.087
452.094
452.136
452.143
452.195
452.230
452.241
452.283
452.308
452.314
452.325
452.330
452.353
452.407
452.422
452.424
452.491
452.496
452.531
452.566
452.585
452.625
452.696
452.708
452.804
452.841
452.846
452.850
453.035
453.078
453.085
453.111
453.150
453.188
453.214
453.225
453.263
453.274
453.308
453.313
453.316
453.331
453.361
453.379
453.400
453.453
453.462
453.471
453.544
453.560
453.560
453.578
453.662
453.726
453.757
453.760
453.789
453.822
453.846
453.878
453.894
453.896
453.897
453.917
454.019
454.034
454.062
454.063
454.075
454.079
454.086
454.091
454.094
454.127
454.127
454.163
454.175
454.182
454.240
454.290
454.292
454.308
454.310
454.330
454.330
454.343
454.439
454.489
454.500
454.609
454.670
454.672
454.702
454.702
454.716
454.755
454.755
454.821
454.827
454.879
454.914
454.919
454.935
454.993
455.009
455.010
455.014
455.058
455.067
455.069
455.083
455.091
455.103
455.116
455.120
455.152
455.202
455.203
455.266
455.304
455.367
455.389
455.390
455.397
455.412
455.414
455.421
455.467
455.496
455.528
455.533
455.560
455.600
455.600
455.609
455.609
455.626
455.676
455.684
455.694
455.700
455.703
455.822
455.847
455.872
455.887
455.912
455.919
455.924
455.949
455.952
455.959
455.974
455.987
455.988
456.016
456.051
456.082
456.130
456.137
456.171
456.188
456.235
456.251
456.269
456.288
456.303
456.342
456.349
456.389
456.412
456.463
456.474
456.489
456.561
456.597
456.611
456.626
456.649
456.649
456.704
456.744
456.759
456.787
456.799
456.809
456.813
456.820
456.821
456.822
456.827
456.854
456.871
456.873
456.875
456.888
456.891
456.895
456.919
456.921
456.941
456.951
456.955
456.973
457.000
457.002
457.020
457.037
457.049
457.089
457.106
457.115
457.188
457.242
457.257
457.261
457.267
457.329
457.336
457.347
457.418
457.444
457.449
457.473
457.509
457.519
457.538
457.555
457.568
457.577
457.582
457.587
457.656
457.667
457.675
457.688
457.707
457.710
457.769
457.810
457.813
457.833
457.845
457.850
457.854
457.865
457.912
457.926
457.926
457.944
457.949
457.970
457.989
457.999
458.011
458.018
458.028
458.035
458.046
458.056
458.058
458.082
458.082
458.095
458.110
458.113
458.119
458.160
458.185
458.185
458.203
458.212
458.240
458.252
458.260
458.278
458.303
458.308
458.345
458.347
458.369
458.430
458.439
458.456
458.457
458.476
458.500
458.528
458.543
458.545
458.589
458.590
458.615
458.623
458.631
458.650
458.651
458.653
458.688
458.711
458.728
458.754
458.781
458.790
458.795
458.806
458.807
458.821
458.859
458.889
458.894
458.907
458.937
458.938
458.940
458.941
458.951
458.969
458.974
458.995
459.004
459.006
459.035
459.045
459.056
459.060
459.069
459.077
459.087
459.087
459.097
459.099
459.111
459.132
459.145
459.153
459.154
459.171
459.212
459.237
459.254
459.255
459.258
459.311
459.317
459.343
459.375
459.385
459.414
459.433
459.447
459.447
459.453
459.468
459.474
459.493
459.502
459.503
459.518
459.577
459.578
459.579
459.586
459.588
459.589
459.600
459.606
459.612
459.624
459.640
459.675
459.676
459.695
459.700
459.714
459.717
459.722
459.753
459.763
459.770
459.770
459.792
459.796
459.804
459.816
459.824
459.836
459.860
459.876
459.881
459.887
459.888
459.927
459.933
459.963
459.977
460.001
460.013
460.021
460.038
460.047
460.058
460.087
460.089
460.139
460.142
460.146
460.212
460.213
460.221
460.229
460.253
460.258
460.263
460.264
460.269
460.286
460.293
460.303
460.307
460.327
460.347
460.374
460.377
460.389
460.390
460.413
460.431
460.432
460.441
460.449
460.465
460.473
460.477
460.478
460.501
460.503
460.509
460.525
460.529
460.530
460.533
460.555
460.564
460.569
460.580
460.582
460.585
460.586
460.587
460.592
460.595
460.613
460.630
460.637
460.638
460.710
460.736
460.738
460.763
460.777
460.783
460.787
460.793
460.798
460.799
460.812
460.812
460.827
460.852
460.878
460.893
460.902
460.905
460.906
460.908
460.909
460.921
460.936
460.937
460.965
460.976
460.983
460.984
461.001
461.001
461.017
461.033
461.036
461.041
461.047
461.070
461.075
461.075
461.090
461.098
461.100
461.105
461.131
461.132
461.133
461.138
461.150
461.166
461.168
461.182
461.189
461.191
461.198
461.200
461.236
461.240
461.242
461.248
461.257
461.263
461.289
461.304
461.315
461.320
461.323
461.325
461.338
461.342
461.351
461.358
461.412
461.415
461.415
461.419
461.421
461.421
461.446
461.459
461.472
461.473
461.506
461.510
461.530
461.533
461.553
461.559
461.572
461.575
461.579
461.580
461.590
461.598
461.602
461.604
461.608
461.615
461.626
461.631
461.642
461.644
461.646
461.653
461.657
461.675
461.678
461.680
461.681
461.685
461.691
461.703
461.707
461.719
461.733
461.734
461.745
461.788
461.796
461.816
461.817
461.821
461.826
461.839
461.845
461.850
461.850
461.860
461.863
461.864
461.905
461.917
461.918
461.922
461.925
461.946
461.949
461.954
461.955
461.964
461.977
461.983
462.004
462.007
462.009
462.011
462.021
462.023
462.032
462.032
462.032
462.046
462.048
462.065
462.074
462.079
462.082
462.086
462.096
462.097
462.100
462.109
462.120
462.124
462.125
462.131
462.137
462.153
462.163
462.174
462.175
462.185
462.188
462.204
462.209
462.211
462.225
462.226
462.227
462.230
462.237
462.254
462.257
462.273
462.282
462.284
462.292
462.308
462.324
462.328
462.339
462.341
462.366
462.370
462.371
462.371
462.399
462.400
462.412
462.413
462.415
462.420
462.430
462.431
462.433
462.445
462.448
462.448
462.452
462.466
462.468
462.469
462.469
462.473
462.476
462.486
462.490
462.509
462.516
462.535
462.541
462.542
462.546
462.549
462.550
462.551
462.552
462.555
462.559
462.564
462.581
462.591
462.605
462.610
462.617
462.617
462.619
462.625
462.628
462.631
462.656
462.658
462.670
462.672
462.674
462.696
462.716
462.717
462.719
462.719
462.729
462.730
462.736
462.752
462.773
462.775
462.780
462.787
462.790
462.798
462.799
462.815
462.819
462.821
462.822
462.826
462.828
462.838
462.843
462.846
462.846
462.852
462.856
462.875
462.884
462.885
462.885
462.886
462.889
462.896
462.897
462.919
462.922
462.933
462.940
462.945
462.949
462.952
462.953
462.953
462.966
462.968
462.971
462.975
462.982
462.985
462.988
462.990
463.009
463.011
463.025
463.028
463.031
463.047
463.048
463.055
463.070
463.076
463.083
463.098
463.099
463.100
463.105
463.106
463.108
463.121
463.130
463.136
463.158
463.158
463.165
463.168
463.169
463.181
463.182
463.185
463.188
463.192
463.193
463.195
463.201
463.203
463.210
463.217
463.218
463.224
463.226
463.228
463.229
463.236
463.246
463.250
463.254
463.255
463.255
463.263
463.267
463.271
463.279
463.282
463.282
463.283
463.286
463.297
463.297
463.306
463.315
463.320
463.332
463.333
463.342
463.343
463.343
463.344
463.364
463.366
463.369
463.373
463.381
463.386
463.391
463.391
463.405
463.419
463.422
463.430
463.437
463.438
463.441
463.441
463.448
463.453
463.455
463.458
463.459
463.462
463.465
463.473
463.480
463.495
463.503
463.503
463.508
463.509
463.516
463.520
463.525
463.525
463.526
463.530
463.533
463.533
463.534
463.536
463.542
463.545
463.545
463.548
463.550
463.559
463.561
463.561
463.563
463.568
463.576
463.577
463.583
463.590
463.590
463.599
463.599
463.600
463.612
463.622
463.629
463.637
463.641
463.647
463.647
463.651
463.666
463.672
463.673
463.676
463.684
463.688
463.691
463.693
463.693
463.694
463.707
463.708
463.709
463.710
463.714
463.719
463.728
463.739
463.744
463.746
463.750
463.760
463.760
463.763
463.768
463.769
463.773
463.779
463.780
463.786
463.790
463.791
463.791
463.793
463.801
463.805
463.810
463.813
463.816
463.820
463.822
463.822
463.825
463.826
463.830
463.830
463.830
463.834
463.835
463.836
463.845
463.845
463.847
463.860
463.862
463.875
463.880
463.892
463.895
463.895
463.898
463.911
463.911
463.918
463.922
463.923
463.924
463.929
463.931
463.932
463.952
463.957
463.957
463.960
463.966
463.966
463.968
463.978
463.978
463.980
463.986
463.997
464.000
464.008
464.009
464.010
464.021
464.024
464.024
464.025
464.025
464.026
464.027
464.034
464.037
464.041
464.042
464.043
464.045
464.046
464.046
464.052
464.055
464.058
464.059
464.060
464.061
464.069
464.070
464.077
464.088
464.094
464.095
464.095
464.095
464.103
464.104
464.111
464.115
464.119
464.119
464.120
464.121
464.122
464.128
464.129
464.138
464.156
464.160
464.161
464.164
464.166
464.171
464.174
464.180
464.181
464.186
464.186
464.208
464.208
464.215
464.215
464.217
464.229
464.229
464.231
464.233
464.236
464.236
464.238
464.241
464.244
464.244
464.245
464.245
464.249
464.251
464.252
464.255
464.258
464.259
464.267
464.270
464.271
464.273
464.278
464.280
464.283
464.284
464.288
464.290
464.292
464.295
464.303
464.308
464.308
464.309
464.315
464.320
464.321
464.322
464.323
464.328
464.332
464.334
464.347
464.352
464.355
464.364
464.367
464.370
464.370
464.385
464.387
464.388
464.391
464.392
464.396
464.398
464.399
464.399
464.401
464.403
464.405
464.406
464.406
464.409
464.413
464.413
464.415
464.416
464.418
464.422
464.424
464.425
464.428
464.430
464.430
464.431
464.433
464.435
464.436
464.447
464.447
464.453
464.455
464.457
464.458
464.464
464.465
464.469
464.469
464.472
464.472
464.473
464.479
464.485
464.485
464.489
464.490
464.493
464.496
464.503
464.504
464.507
464.510
464.514
464.515
464.517
464.517
464.519
464.527
464.529
464.532
464.538
464.548
464.557
464.559
464.566
464.571
464.571
464.571
464.572
464.573
464.573
464.574
464.574
464.575
464.576
464.579
464.582
464.582
464.587
464.589
464.591
464.591
464.595
464.595
464.596
464.598
464.601
464.602
464.605
464.607
464.608
464.615
464.622
464.623
464.626
464.627
464.628
464.631
464.631
464.637
464.638
464.638
464.639
464.642
464.644
464.648
464.649
464.656
464.658
464.661
464.668
464.671
464.672
464.673
464.674
464.678
464.687
464.688
464.691
464.691
464.696
464.699
464.699
464.699
464.701
464.702
464.705
464.706
464.708
464.708
464.713
464.716
464.718
464.721
464.723
464.724
464.724
464.724
464.727
464.727
464.735
464.739
464.740
464.742
464.744
464.748
464.751
464.751
464.751
464.751
464.752
464.755
464.756
464.768
464.771
464.771
464.774
464.775
464.779
464.780
464.784
464.787
464.787
464.789
464.791
464.792
464.796
464.797
464.798
464.799
464.802
464.809
464.810
464.814
464.816
464.827
464.828
464.829
464.830
464.830
464.831
464.834
464.837
464.837
464.838
464.841
464.841
464.842
464.845
464.845
464.846
464.848
464.855
464.855
464.857
464.859
464.860
464.861
464.867
464.870
464.875
464.876
464.878
464.880
464.886
464.887
464.888
464.890
464.895
464.900
464.900
464.901
464.902
464.902
464.903
464.904
464.904
464.904
464.904
464.905
464.907
464.907
464.910
464.913
464.914
464.915
464.917
464.924
464.930
464.940
464.941
464.942
464.943
464.944
464.944
464.945
464.948
464.948
464.949
464.952
464.952
464.957
464.960
464.961
464.961
464.962
464.962
464.962
464.963
464.964
464.966
464.968
464.973
464.975
464.984
464.985
464.986
464.986
464.987
464.991
464.993
464.997
465.001
465.002
465.002
465.004
465.005
465.008
465.010
465.010
465.011
465.012
465.013
465.014
465.016
465.020
465.021
465.024
465.027
465.028
465.031
465.031
465.036
465.040
465.042
465.046
465.050
465.050
465.050
465.051
465.051
465.056
465.056
465.057
465.060
465.061
465.061
465.062
465.066
465.067
465.067
465.067
465.069
465.069
465.073
465.076
465.076
465.079
465.080
465.083
465.086
465.087
465.090
465.094
465.096
465.097
465.099
465.103
465.103
465.104
465.104
465.106
465.106
465.106
465.107
465.107
465.110
465.111
465.111
465.115
465.120
465.120
465.121
465.125
465.129
465.131
465.131
465.133
465.138
465.138
465.138
465.139
465.141
465.142
465.142
465.143
465.144
465.144
465.148
465.149
465.151
465.152
465.153
465.154
465.155
465.161
465.162
465.166
465.167
465.169
465.170
465.170
465.171
465.172
465.174
465.179
465.181
465.182
465.182
465.182
465.184
465.185
465.186
465.192
465.196
465.197
465.197
465.198
465.201
465.203
465.204
465.204
465.205
465.206
465.206
465.208
465.208
465.212
465.213
465.214
465.218
465.219
465.221
465.223
465.225
465.226
465.227
465.227
465.229
465.229
465.229
465.230
465.232
465.233
465.235
465.236
465.237
465.239
465.240
465.240
465.241
465.241
465.243
465.248
465.251
465.251
465.256
465.257
465.259
465.259
465.260
465.263
465.265
465.267
465.271
465.272
465.273
465.273
465.274
465.275
465.275
465.276
465.276
465.277
465.288
465.288
465.291
465.292
465.293
465.294
465.294
465.295
465.295
465.297
465.301
465.302
465.304
465.305
465.306
465.307
465.307
465.309
465.310
465.312
465.312
465.313
465.315
465.316
465.316
465.316
465.317
465.320
465.321
465.322
465.326
465.326
465.327
465.329
465.330
465.330
465.332
465.334
465.335
465.337
465.338
465.338
465.340
465.341
465.342
465.343
465.349
465.349
465.351
465.351
465.352
465.353
465.356
465.357
465.360
465.364
465.367
465.367
465.368
465.368
465.368
465.369
465.370
465.371
465.371
465.372
465.373
465.373
465.373
465.377
465.380
465.380
465.384
465.385
465.386
465.386
465.388
465.389
465.389
465.390
465.390
465.395
465.395
465.396
465.397
465.398
465.399
465.400
465.401
465.401
465.402
465.405
465.407
465.407
465.408
465.409
465.410
465.413
465.414
465.415
465.415
465.416
465.421
465.423
465.424
465.424
465.424
465.428
465.430
465.430
465.431
465.432
465.433
465.434
465.435
465.435
465.438
465.439
465.441
465.441
465.442
465.443
465.443
465.444
465.445
465.448
465.449
465.451
465.451
465.451
465.453
465.454
465.456
465.457
465.458
465.458
465.459
465.460
465.461
465.461
465.461
465.465
465.465
465.466
465.467
465.468
465.471
465.471
465.472
465.472
465.474
465.476
465.476
465.481
465.486
465.486
465.487
465.488
465.489
465.491
465.491
465.492
465.492
465.493
465.493
465.493
465.493
465.493
465.495
465.495
465.495
465.496
465.496
465.501
465.501
465.505
465.505
465.506
465.507
465.508
465.510
465.512
465.513
465.514
465.514
465.514
465.515
465.515
465.516
465.516
465.516
465.518
465.521
465.523
465.524
465.526
465.528
465.532
465.534
465.534
465.535
465.536
465.537
465.540
465.540
465.541
465.542
465.543
465.543
465.544
465.544
465.548
465.548
465.549
465.549
465.550
465.550
465.551
465.551
465.551
465.552
465.552
465.554
465.555
465.555
465.555
465.556
465.557
465.557
465.558
465.559
465.560
465.561
465.561
465.564
465.567
465.569
465.570
465.572
465.572
465.573
465.574
465.575
465.577
465.578
465.580
465.581
465.583
465.585
465.586
465.590
465.590
465.591
465.591
465.592
465.593
465.594
465.594
465.596
465.596
465.597
465.597
465.598
465.599
465.600
465.600
465.602
465.602
465.603
465.603
465.606
465.606
465.606
465.607
465.608
465.608
465.609
465.609
465.610
465.610
465.612
465.613
465.615
465.615
465.617
465.618
465.620
465.621
465.622
465.622
465.625
465.628
465.629
465.630
465.631
465.632
465.634
465.636
465.637
465.637
465.638
465.639
465.639
465.640
465.640
465.640
465.640
465.641
465.641
465.642
465.642
465.644
465.644
465.645
465.645
465.649
465.650
465.650
465.651
465.651
465.651
465.652
465.653
465.654
465.654
465.654
465.657
465.660
465.662
465.662
465.663
465.663
465.665
465.665
465.670
465.672
465.673
465.674
465.675
465.676
465.676
465.676
465.676
465.677
465.677
465.678
465.679
465.681
465.681
465.681
465.682
465.682
465.682
465.683
465.683
465.683
465.684
465.685
465.685
465.686
465.687
465.688
465.688
465.691
465.692
465.694
465.696
465.696
465.696
465.697
465.697
465.698
465.698
465.700
465.700
465.700
465.701
465.704
465.705
465.708
465.708
465.710
465.710
465.710
465.711
465.712
465.712
465.713
465.715
465.717
465.717
465.717
465.718
465.719
465.719
465.720
465.720
465.721
465.721
465.723
465.723
465.723
465.723
465.724
465.725
465.726
465.727
465.728
465.730
465.730
465.731
465.731
465.733
465.733
465.734
465.736
465.738
465.738
465.740
465.740
465.741
465.741
465.742
465.744
465.744
465.744
465.745
465.746
465.746
465.748
465.749
465.750
465.750
465.750
465.751
465.752
465.752
465.753
465.754
465.755
465.755
465.755
465.757
465.758
465.758
465.758
465.760
465.761
465.762
465.762
465.763
465.765
465.765
465.765
465.768
465.768
465.769
465.770
465.771
465.772
465.772
465.774
465.775
465.775
465.776
465.779
465.779
465.779
465.780
465.780
465.782
465.783
465.784
465.784
465.784
465.785
465.785
465.786
465.786
465.787
465.789
465.789
465.790
465.791
465.791
465.792
465.792
465.792
465.792
465.794
465.794
465.794
465.798
465.798
465.799
465.800
465.800
465.801
465.802
465.805
465.807
465.807
465.807
465.807
465.808
465.808
465.809
465.809
465.809
465.812
465.812
465.813
465.813
465.814
465.815
465.815
465.816
465.817
465.818
465.818
465.818
465.819
465.819
465.819
465.820
465.821
465.821
465.822
465.822
465.824
465.824
465.824
465.824
465.825
465.826
465.828
465.831
465.833
465.833
465.833
465.834
465.834
465.834
465.835
465.837
465.837
465.837
465.838
465.840
465.841
465.841
465.841
465.843
465.843
465.843
465.843
465.844
465.844
465.845
465.846
465.848
465.848
465.848
465.850
465.850
465.851
465.851
465.852
465.852
465.853
465.854
465.854
465.855
465.856
465.856
465.856
465.858
465.859
465.859
465.860
465.860
465.860
465.861
465.862
465.863
465.864
465.864
465.865
465.866
465.867
465.867
465.868
465.869
465.870
465.871
465.871
465.872
465.872
465.873
465.873
465.873
465.874
465.875
465.875
465.875
465.876
465.877
465.878
465.879
465.879
465.880
465.880
465.882
465.882
465.883
465.884
465.885
465.886
465.887
465.887
465.888
465.888
465.889
465.890
465.890
465.891
465.891
465.892
465.892
465.893
465.895
465.895
465.896
465.896
465.897
465.897
465.898
465.899
465.900
465.900
465.901
465.901
465.902
465.903
465.903
465.904
465.905
465.907
465.907
465.908
465.908
465.909
465.909
465.909
465.911
465.911
465.912
465.913
465.913
465.913
465.914
465.915
465.916
465.917
465.917
465.917
465.919
465.919
465.919
465.920
465.921
465.921
465.922
465.922
465.923
465.923
465.923
465.925
465.925
465.926
465.927
465.928
465.929
465.929
465.931
465.931
465.932
465.932
465.933
465.933
465.933
465.934
465.935
465.935
465.936
465.936
465.937
465.938
465.939
465.939
465.940
465.940
465.940
465.942
465.943
465.943
465.944
465.944
465.945
465.945
465.947
465.948
465.949
465.949
465.949
465.949
465.950
465.951
465.951
465.953
465.954
465.954
465.954
465.955
465.955
465.955
465.956
465.957
465.958
465.958
465.958
465.959
465.960
465.960
465.961
465.961
465.962
465.962
465.964
465.964
465.965
465.965
465.966
465.966
465.967
465.968
465.969
465.969
465.970
465.971
465.971
465.972
465.972
465.972
465.973
465.974
465.975
465.976
465.976
465.976
465.977
465.977
465.978
465.978
465.979
465.979
465.979
465.981
465.981
465.982
465.982
465.985
465.986
465.987
465.987
465.987
465.988
465.988
465.990
465.991
465.991
465.991
465.991
465.991
465.992
465.992
465.992
465.993
465.994
465.995
465.996
465.996
465.996
465.996
465.999
465.999
466.000
466.000
466.000
466.001
466.004
466.004
466.005
466.005
466.005
466.006
466.006
466.007
466.007
466.007
466.008
466.008
466.008
466.009
466.009
466.010
466.011
466.013
466.013
466.014
466.015
466.015
466.015
466.015
466.018
466.019
466.019
466.020
466.020
466.020
466.021
466.021
466.022
466.022
466.022
466.023
466.023
466.024
466.025
466.026
466.026
466.027
466.029
466.029
466.031
466.031
466.032
466.033
466.033
466.033
466.033
466.033
466.034
466.035
466.035
466.035
466.035
466.036
466.037
466.038
466.039
466.039
466.040
466.041
466.042
466.043
466.043
466.044
466.044
466.045
466.046
466.047
466.047
466.047
466.047
466.047
466.048
466.050
466.050
466.050
466.053
466.053
466.053
466.054
466.055
466.055
466.056
466.056
466.056
466.057
466.058
466.058
466.059
466.059
466.059
466.059
466.060
466.061
466.062
466.064
466.065
466.067
466.067
466.067
466.067
466.068
466.068
466.069
466.070
466.070
466.070
466.070
466.071
466.072
466.072
466.073
466.075
466.076
466.076
466.077
466.078
466.078
466.079
466.079
466.080
466.081
466.081
466.081
466.082
466.083
466.085
466.086
466.086
466.086
466.087
466.088
466.088
466.089
466.089
466.089
466.090
466.090
466.094
466.094
466.094
466.095
466.095
466.096
466.097
466.098
466.098
466.098
466.099
466.100
466.101
466.102
466.103
466.103
466.103
466.104
466.105
466.106
466.107
466.107
466.107
466.108
466.109
466.111
466.111
466.112
466.114
466.114
466.114
466.114
466.115
466.117
466.117
466.118
466.120
466.120
466.121
466.122
466.122
466.123
466.123
466.124
466.126
466.128
466.128
466.129
466.129
466.130
466.131
466.131
466.133
466.135
466.135
466.135
466.136
466.137
466.138
466.139
466.141
466.141
466.142
466.143
466.144
466.145
466.145
466.148
466.149
466.150
466.151
466.151
466.154
466.155
466.155
466.157
466.157
466.160
466.161
466.162
466.163
466.166
466.167
466.168
466.170
466.172
466.173
466.176
466.177
466.180
466.182
466.186
466.191
466.194
