178.220
180.790
180.801
182.744
184.143
184.527
184.618
184.658
186.189
187.638
188.606
188.947
189.683
190.188
190.574
192.551
192.721
193.153
193.687
193.701
194.023
194.303
194.483
195.037
195.961
197.799
197.957
198.076
198.415
198.541
198.643
199.223
199.381
199.613
199.836
200.251
200.347
200.390
200.436
200.924
201.121
201.258
201.287
201.397
201.728
202.044
202.358
202.377
202.449
202.643
202.923
202.926
203.086
203.147
203.528
203.730
203.786
203.886
204.179
204.305
204.330
204.390
204.405
204.446
204.772
204.832
204.867
204.951
205.270
205.459
205.581
205.753
205.762
205.971
205.985
206.159
206.782
207.079
207.083
207.085
207.115
207.328
207.340
207.904
207.904
207.975
208.123
208.168
208.209
208.387
208.592
208.650
208.725
208.920
209.296
209.623
209.638
209.730
209.845
210.041
210.620
210.660
210.771
210.801
210.836
210.964
211.247
211.506
211.570
211.574
211.645
211.936
212.161
212.198
212.234
212.289
212.586
212.612
212.816
212.819
212.898
212.999
213.059
213.088
213.185
213.347
213.434
213.469
213.505
213.589
213.644
213.654
213.705
213.888
214.102
214.375
214.391
214.469
214.512
214.815
214.942
214.972
215.010
215.276
215.377
215.783
215.844
215.852
215.918
216.012
216.432
216.445
216.819
217.016
217.166
217.199
217.351
217.552
217.654
217.716
217.827
217.906
218.065
218.321
218.361
218.363
218.453
218.491
218.705
218.738
219.006
219.303
219.845
219.875
220.172
220.487
220.491
220.618
220.636
220.722
220.731
220.777
220.907
220.930
221.135
221.332
221.577
221.633
222.106
222.206
222.407
222.435
222.625
222.820
222.827
222.917
223.021
223.059
223.127
223.186
223.206
223.278
223.355
223.391
223.462
223.517
223.563
223.606
223.770
223.850
224.204
224.212
224.285
224.449
224.640
224.931
224.960
225.010
225.057
225.102
225.177
225.433
225.532
225.564
225.656
225.960
226.277
226.525
226.691
226.807
226.934
227.330
227.349
227.535
227.723
229.002
229.039
229.114
229.128
229.397
229.457
229.526
229.820
230.056
230.113
230.140
230.278
230.540
230.630
230.677
231.119
231.155
231.183
231.242
231.313
231.495
231.868
231.903
232.107
232.211
232.622
232.737
232.866
233.189
233.342
233.412
233.425
233.457
233.909
234.049
234.070
234.217
234.326
234.800
234.837
234.983
235.857
236.184
236.207
236.328
236.804
237.082
237.088
237.262
237.265
237.459
237.662
238.103
238.316
238.448
238.800
239.106
239.129
239.252
239.269
239.277
239.310
239.363
239.389
239.493
239.639
239.857
239.868
239.909
240.002
240.173
240.354
240.828
240.839
240.863
240.877
241.090
241.124
241.227
241.345
241.385
241.447
241.682
241.966
241.982
242.020
242.129
242.524
242.542
242.660
242.767
242.768
242.926
243.015
243.163
243.304
243.314
243.386
243.399
243.472
244.067
244.267
244.579
244.591
244.705
244.779
244.789
244.805
245.557
245.566
245.830
245.844
245.849
246.112
246.174
246.198
246.354
246.647
246.923
246.946
247.043
247.409
247.441
247.621
247.819
247.926
247.927
247.949
248.177
248.222
248.548
248.810
248.910
248.970
248.984
249.156
249.208
249.489
249.629
249.791
250.207
250.238
250.288
250.559
250.627
250.677
250.943
250.991
251.025
251.152
251.179
251.271
251.388
251.396
251.602
251.719
252.261
252.274
252.299
252.371
252.396
252.401
252.466
252.544
252.809
252.835
252.917
252.999
253.023
253.393
253.586
253.738
253.801
253.845
253.952
254.306
254.514
254.560
254.723
254.741
254.921
255.016
255.167
255.995
256.196
257.257
257.389
257.579
257.614
257.876
258.093
258.114
258.115
258.386
258.420
258.441
258.472
258.546
258.872
259.177
259.296
259.321
259.419
259.592
259.866
259.912
260.251
260.262
260.357
260.992
261.080
261.147
261.336
261.510
261.579
261.583
261.738
261.773
261.868
262.034
262.531
262.571
262.598
262.857
262.921
262.993
263.244
263.757
263.858
263.990
264.004
264.380
264.451
264.668
264.742
264.913
265.015
265.266
265.292
265.333
265.461
265.729
265.759
266.139
266.169
266.188
266.242
266.442
266.451
266.987
267.128
267.485
267.790
267.895
267.899
268.042
268.295
268.462
268.555
268.824
268.887
269.024
269.577
269.723
269.811
269.929
269.994
270.060
270.096
270.526
270.738
271.165
271.231
271.572
271.821
272.032
272.190
272.249
272.406
272.443
272.489
272.545
272.917
272.944
273.301
273.542
273.814
273.926
273.945
274.012
274.709
274.799
274.840
274.844
275.217
275.233
275.309
275.709
275.731
275.828
275.890
275.991
276.108
276.119
276.218
276.275
276.330
276.744
276.872
277.090
277.120
277.650
277.691
277.780
277.962
278.046
278.057
278.102
279.116
279.180
279.232
279.282
280.216
280.254
280.319
280.408
280.409
280.468
280.496
280.836
281.278
281.435
281.691
282.069
282.116
282.378
282.608
282.762
283.026
283.435
283.453
283.717
283.725
284.667
284.831
284.847
285.185
285.207
285.918
286.057
286.087
286.587
286.823
287.012
287.572
287.595
287.636
287.719
287.878
287.941
288.085
288.205
288.307
289.056
289.513
289.531
289.750
289.878
290.034
290.249
290.483
290.502
290.783
290.798
290.889
290.900
290.986
290.999
291.113
291.175
291.542
291.745
292.419
292.754
292.870
292.927
293.202
293.852
294.061
294.104
294.273
294.594
294.760
294.904
294.954
295.248
295.309
295.662
295.968
296.427
296.725
296.929
297.422
297.538
297.837
297.859
298.180
298.721
298.801
298.809
298.818
298.875
298.935
299.360
299.672
299.726
300.147
300.402
300.446
300.478
301.121
301.399
302.186
302.672
303.071
303.260
303.328
303.497
303.537
303.672
303.746
304.368
304.720
304.854
305.317
305.476
305.635
305.785
305.911
305.934
306.157
306.252
306.557
306.725
307.544
307.614
307.779
307.841
308.217
308.669
308.808
308.930
309.082
309.102
309.203
309.220
309.343
309.669
309.739
310.038
310.075
310.110
310.375
310.534
310.696
310.747
310.902
311.076
311.152
311.332
311.365
311.529
311.625
312.088
312.463
312.518
312.526
312.630
313.119
313.230
313.257
313.352
313.697
313.834
314.103
314.308
314.634
314.890
315.104
315.165
315.226
315.334
315.626
315.811
315.839
315.942
316.013
316.052
316.095
316.366
316.863
317.290
318.491
318.539
318.541
318.812
319.670
319.857
319.906
320.124
320.367
320.371
320.617
320.860
320.863
321.108
321.156
321.163
321.194
321.230
321.285
321.452
321.544
321.737
322.488
322.533
322.858
323.062
323.315
323.488
323.868
324.495
324.682
325.307
326.203
326.574
326.720
327.021
327.030
327.172
327.415
327.433
327.457
327.712
328.022
328.304
328.334
328.539
330.226
330.270
330.440
330.827
330.908
331.129
331.289
331.302
331.512
331.672
331.769
332.599
333.434
333.554
333.963
333.988
334.639
334.699
335.580
336.132
336.472
336.560
336.822
336.824
336.872
337.322
337.657
337.708
337.747
337.893
338.249
339.102
339.229
339.230
339.797
339.827
340.060
340.328
340.668
340.929
341.047
341.088
341.509
342.047
342.228
342.299
342.623
343.328
343.579
344.107
344.483
344.646
344.738
344.906
345.047
345.127
345.128
345.432
345.594
345.621
345.776
346.124
346.491
346.763
347.101
347.690
348.149
348.186
348.249
348.949
349.345
349.591
350.120
350.238
350.557
350.692
350.769
350.814
351.044
351.088
351.535
351.972
352.016
352.764
352.857
353.845
354.351
354.361
355.587
355.610
356.269
356.818
357.828
358.450
358.603
358.763
359.300
359.590
360.183
360.922
360.990
361.253
361.307
361.654
361.919
361.934
362.694
362.786
362.873
362.882
364.128
364.722
364.918
365.524
366.836
366.861
367.841
368.095
368.096
368.146
368.149
368.976
369.610
370.397
370.566
371.011
371.559
371.675
372.790
373.311
373.806
374.282
374.675
374.801
374.886
375.031
375.451
375.669
375.717
376.182
376.297
376.398
376.754
377.284
377.978
378.039
378.158
378.900
378.957
379.365
379.617
379.694
380.805
381.253
382.185
382.383
382.561
382.646
382.854
383.197
383.486
383.585
383.639
383.698
384.110
384.880
385.242
385.506
385.604
387.087
387.249
387.303
387.417
387.712
387.912
388.529
389.412
389.514
389.683
389.794
390.085
390.346
390.739
391.240
391.923
392.289
392.325
392.808
392.918
393.412
393.564
394.081
394.599
394.632
394.710
394.809
395.115
395.236
395.278
395.517
395.809
395.983
397.146
397.225
397.227
397.380
397.746
398.069
398.904
398.909
399.886
400.017
400.073
400.669
402.882
402.961
403.177
404.933
405.469
405.595
405.921
407.463
407.532
408.246
408.465
409.208
409.304
410.835
411.142
411.153
411.747
412.538
412.576
412.667
412.867
412.871
412.915
413.120
413.457
415.526
415.538
415.810
416.422
416.486
417.046
417.433
417.545
417.583
418.758
419.173
420.010
420.042
420.105
420.121
421.033
421.497
422.113
422.427
423.178
423.249
423.475
424.298
424.625
424.745
425.156
425.499
425.558
425.607
426.426
426.524
426.528
427.448
428.000
428.381
429.051
429.571
430.039
430.481
431.208
431.566
431.570
431.983
432.083
432.328
432.688
432.908
432.963
433.287
433.563
435.191
435.336
435.416
435.658
435.684
435.865
435.994
436.229
437.276
437.686
437.879
438.510
438.516
438.540
438.748
439.507
439.521
439.812
440.693
443.384
444.146
444.194
445.065
446.087
446.151
446.572
447.299
447.443
447.493
447.519
448.032
448.412
448.578
449.866
450.009
450.014
450.184
450.287
450.607
450.762
452.047
452.175
452.436
452.598
453.109
453.778
453.974
454.092
454.721
455.093
455.186
456.135
456.545
456.591
456.966
458.150
458.198
458.451
458.926
459.295
459.523
459.854
460.048
461.055
461.095
461.147
461.149
461.820
462.227
462.387
462.708
462.952
463.122
463.398
463.826
463.921
464.068
464.282
464.612
464.747
465.042
465.279
465.508
466.991
467.084
467.374
467.989
468.178
469.123
469.460
469.586
469.621
469.979
470.060
470.223
470.564
470.785
471.319
472.640
472.676
473.149
473.331
473.622
474.249
475.500
476.319
476.580
477.186
477.334
477.339
478.736
478.737
479.080
479.274
479.846
479.992
480.515
481.119
481.149
481.302
481.394
482.056
482.276
482.343
482.513
482.739
482.892
483.611
484.751
485.021
485.267
485.460
485.785
486.138
486.195
486.261
486.439
487.597
487.607
488.255
488.703
489.025
489.179
489.264
489.284
489.742
489.957
490.764
491.631
492.234
493.127
493.510
493.721
493.746
493.803
494.237
494.311
494.773
494.984
495.467
496.421
496.602
497.224
498.071
498.328
498.363
499.475
499.767
499.989
500.078
500.381
500.465
500.639
500.698
501.311
501.963
503.032
503.166
503.645
504.026
505.857
505.894
506.455
506.477
506.487
506.898
507.219
507.826
509.281
509.391
511.411
511.804
511.880
512.142
512.534
513.121
513.166
513.208
513.859
514.826
514.993
515.051
515.051
516.329
516.420
516.783
517.070
518.384
518.499
518.851
519.173
519.440
519.690
520.242
521.088
521.422
521.681
522.411
523.120
524.423
524.603
524.825
525.889
526.179
526.788
527.102
527.139
527.139
527.278
527.466
527.491
528.418
528.842
528.928
529.122
530.947
531.064
531.215
531.363
531.388
531.413
532.289
532.407
532.669
532.838
533.480
533.573
533.806
533.978
534.252
535.649
536.148
537.804
538.316
538.428
538.766
539.156
540.579
540.880
540.923
540.955
541.228
541.670
541.767
543.057
545.562
545.627
545.635
545.914
546.070
546.809
546.992
547.571
547.667
547.848
548.080
548.362
549.096
549.683
550.027
551.356
551.887
552.228
552.643
553.129
553.607
554.032
554.157
554.485
554.740
555.097
555.265
555.402
555.517
557.101
558.357
558.968
560.447
560.876
562.248
562.309
562.804
564.148
565.449
565.721
566.918
568.152
568.288
568.401
568.408
568.410
569.593
569.725
569.910
570.759
570.802
571.164
571.367
571.383
574.159
574.247
574.524
574.632
575.465
575.780
576.059
576.437
576.917
576.932
577.010
577.261
577.818
578.338
578.908
578.943
580.054
581.523
582.962
583.030
584.304
584.342
584.587
584.678
585.916
586.238
586.339
586.371
586.642
587.583
587.626
587.790
588.654
588.842
589.025
589.709
589.720
590.389
590.751
591.683
592.051
593.207
593.902
594.736
595.528
595.595
596.548
598.047
598.592
599.666
600.457
600.739
602.299
602.349
602.869
605.422
605.767
605.779
605.823
606.793
607.257
607.396
607.571
608.093
608.731
609.482
612.572
612.687
612.778
613.200
614.206
614.329
615.046
616.095
617.287
617.544
617.750
620.116
620.987
621.007
621.641
622.308
622.826
623.509
624.382
625.310
625.420
625.453
625.482
626.124
627.182
627.293
627.299
629.635
629.708
630.343
630.581
630.843
631.100
633.154
633.701
634.042
634.525
634.684
635.018
635.148
636.334
637.301
637.381
637.714
637.980
638.959
638.993
639.409
639.936
640.413
640.475
643.556
645.011
646.340
646.600
647.162
648.144
648.716
650.011
650.427
650.603
650.618
650.946
651.502
651.901
652.460
652.506
652.670
652.745
653.281
653.432
655.769
655.909
655.963
656.524
657.118
657.786
658.296
659.455
659.646
659.690
660.298
660.303
660.380
660.534
660.554
661.660
661.689
662.054
662.666
664.571
664.844
665.455
665.743
666.036
667.156
667.352
667.697
668.360
668.523
669.198
669.950
671.242
671.680
672.610
673.571
674.301
674.396
674.560
675.133
675.697
676.270
678.113
680.568
680.806
681.304
681.542
681.746
682.162
682.180
682.782
683.009
684.661
686.241
686.543
686.756
687.904
687.908
688.608
689.599
690.164
690.420
690.931
691.653
691.707
691.956
693.610
694.074
694.843
695.120
695.607
696.138
696.236
696.434
696.459
696.506
696.580
696.857
696.993
697.523
697.677
698.363
699.078
699.956
700.279
700.722
700.836
700.957
701.216
701.407
701.857
702.438
702.473
702.872
702.926
703.124
704.289
705.090
705.416
706.647
707.318
707.514
707.572
707.736
708.073
708.498
708.591
708.838
709.609
711.383
711.906
712.280
712.665
713.822
713.939
713.942
714.808
715.173
715.826
716.073
716.362
716.635
718.279
718.575
718.868
719.161
720.673
721.133
721.323
721.789
722.146
722.263
722.317
724.492
725.688
726.025
726.102
726.221
726.343
727.200
728.762
728.847
729.035
731.099
731.217
731.428
732.202
732.302
735.134
735.355
735.982
736.453
736.499
736.507
737.162
738.409
738.871
739.121
739.393
739.603
740.098
740.537
741.470
741.606
742.496
744.659
744.736
745.092
745.614
746.452
747.507
747.616
747.739
748.882
749.201
750.127
751.462
751.570
752.074
752.093
752.267
752.380
752.712
753.225
754.071
755.038
755.477
756.251
756.314
756.611
756.718
759.733
759.748
760.005
760.128
760.155
760.584
760.597
761.181
761.473
761.733
763.588
763.786
763.811
764.783
766.189
766.675
767.582
767.994
768.515
768.901
769.020
771.971
772.228
773.599
773.954
774.426
774.836
775.015
775.334
778.029
778.238
779.966
780.181
780.235
780.731
781.509
781.589
784.610
785.027
785.441
786.076
786.340
786.419
786.899
789.921
790.165
790.735
791.511
794.341
794.573
794.675
794.858
794.931
795.075
795.764
796.317
796.612
796.751
797.062
797.354
798.778
799.548
803.467
804.185
805.013
805.320
805.814
805.992
808.324
808.615
809.987
810.831
810.924
811.052
811.415
814.038
814.284
814.871
816.252
816.451
817.182
817.375
817.895
818.317
818.846
821.579
822.161
822.239
823.314
824.438
824.544
825.113
828.409
828.697
830.813
831.701
832.487
832.575
833.110
833.977
834.263
834.299
834.360
834.809
834.917
835.700
836.492
836.492
837.699
838.117
840.001
840.971
841.539
841.626
843.632
844.164
845.273
846.340
847.315
847.414
847.849
848.571
849.814
850.450
851.268
851.494
851.903
852.349
853.321
853.321
853.794
854.471
856.478
857.649
858.192
861.903
863.810
864.717
864.962
864.965
865.233
865.855
866.152
866.219
866.415
867.457
869.139
869.268
869.758
870.775
873.252
875.582
875.970
878.748
879.035
879.650
881.472
882.767
882.973
884.354
885.377
885.509
885.811
886.523
886.880
887.489
888.404
888.629
889.227
890.220
891.014
892.198
893.037
893.916
894.028
894.248
894.570
895.065
895.390
895.958
896.382
896.887
896.916
899.256
900.195
900.317
901.064
901.928
902.327
903.625
904.043
904.579
904.596
905.594
907.148
907.439
907.799
908.916
909.833
910.195
910.278
910.581
911.168
911.358
912.326
912.792
912.965
913.250
914.415
915.434
915.449
916.357
916.384
917.614
917.801
919.172
919.396
919.457
919.835
920.254
920.336
920.859
922.553
922.601
924.201
924.962
925.243
925.918
926.488
926.627
927.200
928.792
929.038
929.250
931.612
931.638
932.723
933.371
933.718
933.857
934.295
934.344
935.834
936.226
936.354
936.455
936.587
936.688
936.975
938.062
938.616
938.649
939.283
939.283
939.620
939.761
939.970
941.488
942.217
942.299
943.144
944.408
944.430
944.875
945.094
945.381
946.282
946.527
947.778
948.030
948.491
948.762
948.953
949.142
951.109
951.141
953.107
953.420
953.736
954.127
955.530
956.405
957.424
957.702
958.552
958.584
959.708
959.840
961.508
961.522
961.675
962.620
962.744
963.862
963.973
965.551
966.570
966.751
966.775
967.023
967.358
968.051
968.743
970.185
972.421
972.939
973.129
973.541
974.082
974.579
975.355
975.520
975.837
976.207
977.259
978.686
978.987
980.448
980.680
981.534
982.418
982.747
983.784
984.345
984.623
985.037
985.782
986.605
986.733
987.496
987.663
987.733
988.415
988.559
989.594
989.694
989.896
991.648
991.775
991.989
992.013
992.043
992.417
992.418
992.661
994.159
997.094
999.667
999.886
1002.232
1004.796
1005.130
1005.496
1005.733
1005.766
1006.101
1006.118
1006.459
1006.890
1007.107
1007.334
1007.344
1007.467
1007.754
1007.955
1007.984
1009.007
1010.124
1010.656
1010.871
1011.595
1012.081
1013.005
1013.773
1014.374
1015.377
1015.655
1017.087
1017.564
1017.878
1019.192
1019.748
1020.035
1020.228
1021.732
1023.305
1023.809
1025.150
1029.386
1031.083
1031.347
1031.829
1032.298
1032.488
1034.662
1035.264
1035.978
1036.074
1036.080
1036.274
1037.438
1037.844
1038.381
1039.582
1041.051
1041.216
1042.238
1043.143
1043.438
1043.560
1043.936
1044.604
1046.063
1046.336
1046.908
1047.569
1047.701
1047.781
1048.356
1048.630
1049.999
1052.655
1052.656
1053.303
1053.962
1054.311
1055.880
1056.779
1058.681
1060.332
1061.192
1062.651
1063.983
1064.430
1068.851
1069.501
1070.126
1070.921
1071.002
1073.074
1073.347
1075.441
1075.753
1077.674
1077.859
1080.398
1082.226
1082.947
1084.406
1085.674
1088.548
1088.785
1088.946
1090.260
1090.558
1090.820
1091.723
1092.345
1093.277
1094.030
1094.290
1097.290
1097.685
1097.913
1099.537
1099.737
1100.035
1100.941
1101.536
1101.650
1103.553
1104.202
1105.232
1105.640
1105.871
1106.084
1106.863
1107.032
1110.456
1110.816
1111.837
1112.363
1113.790
1116.445
1116.672
1118.885
1119.388
1120.828
1122.200
1123.008
1124.005
1126.200
1127.144
1132.331
1132.747
1133.226
1133.872
1134.766
1136.574
1136.605
1136.681
1138.830
1139.763
1140.053
1141.353
1142.101
1142.140
1144.349
1145.484
1146.172
1146.551
1146.983
1147.197
1147.516
1147.725
1147.964
1148.190
1149.170
1151.629
1151.685
1153.530
1153.681
1155.159
1155.748
1156.046
1156.103
1158.712
1161.514
1161.617
1162.523
1162.653
1163.576
1165.259
1165.588
1166.347
1166.477
1167.909
1168.014
1168.613
1170.723
1171.653
1171.862
1172.182
1172.576
1174.565
1175.110
1175.318
1175.687
1175.693
1175.966
1177.796
1177.983
1179.220
1179.845
1181.189
1182.344
1182.994
1183.128
1184.349
1185.499
1186.019
1186.517
1190.877
1191.793
1191.891
1192.274
1193.884
1195.894
1196.358
1197.661
1197.992
1198.219
1200.659
1201.851
1203.685
1204.110
1204.418
1204.685
1204.865
1205.080
1205.177
1205.528
1205.929
1206.045
1206.071
1206.102
1206.178
1206.360
1206.580
1207.610
1209.575
1209.805
1211.417
1212.014
1212.561
1212.740
1212.873
1213.768
1215.450
1216.098
1216.664
1218.616
1218.771
1219.878
1220.404
1220.993
1221.434
1221.820
1222.723
1223.434
1225.779
1226.804
1227.971
1228.317
1228.440
1229.769
1231.257
1233.146
1233.331
1233.731
1233.911
1234.401
1235.053
1235.922
1235.934
1236.674
1236.900
1237.542
1239.451
1241.031
1242.158
1244.579
1245.174
1245.781
1246.030
1247.354
1247.856
1247.934
1248.743
1249.188
1251.655
1253.267
1253.277
1253.994
1254.575
1255.312
1255.666
1255.724
1255.774
1256.774
1257.621
1260.277
1260.643
1262.480
1265.352
1265.810
1266.746
1267.178
1267.578
1267.646
1268.253
1268.446
1269.314
1269.625
1270.954
1271.305
1271.983
1273.738
1274.325
1274.576
1275.170
1275.324
1275.541
1275.567
1275.863
1276.665
1276.754
1278.889
1279.915
1281.381
1281.692
1283.029
1283.632
1284.285
1285.678
1286.080
1286.957
1287.502
1287.920
1288.901
1290.308
1290.929
1291.473
1291.558
1292.264
1292.989
1294.426
1294.983
1295.142
1296.156
1296.399
1296.733
1297.675
1298.687
1299.326
1300.640
1301.168
1302.501
1302.717
1302.749
1303.244
1303.876
1304.902
1305.155
1305.737
1306.830
1306.931
1309.686
1309.829
1310.135
1313.677
1316.648
1318.761
1318.863
1319.388
1320.546
1321.383
1323.981
1325.326
1325.965
1328.247
1328.296
1328.737
1330.170
1330.439
1331.791
1331.813
1332.576
1332.964
1334.168
1334.294
1335.906
1338.225
1339.815
1344.451
1344.790
1345.228
1345.272
1346.204
1346.494
1352.399
1354.553
1356.325
1356.637
1357.113
1358.053
1359.134
1359.583
1361.617
1364.295
1364.473
1364.774
1365.891
1366.456
1368.789
1369.967
1370.938
1374.469
1374.647
1374.721
1375.478
1377.081
1378.386
1379.043
1380.300
1380.914
1382.400
1383.513
1385.362
1388.130
1393.743
1393.877
1395.705
1396.653
1396.993
1397.493
1397.733
1398.722
1399.341
1399.487
1399.929
1401.379
1401.495
1401.847
1403.124
1404.495
1407.022
1408.394
1408.774
1410.294
1413.501
1414.478
1415.845
1417.925
1419.988
1420.452
1422.389
1425.424
1425.857
1426.440
1426.669
1426.875
1427.284
1427.614
1429.730
1429.789
1430.218
1433.544
1436.380
1436.567
1437.158
1438.212
1438.477
1438.628
1439.656
1443.701
1443.764
1443.831
1444.520
1447.642
1448.336
1449.095
1452.151
1452.816
1453.307
1453.436
1457.010
1457.837
1458.537
1458.747
1459.627
1460.991
1461.296
1463.835
1464.422
1465.579
1467.201
1468.067
1470.131
1470.724
1471.362
1471.378
1471.623
1472.350
1473.234
1474.599
1475.487
1475.608
1476.184
1476.775
1476.887
1477.471
1478.746
1479.194
1479.337
1480.208
1480.585
1482.334
1483.020
1483.432
1484.191
1484.886
1485.072
1485.748
1486.686
1487.376
1488.982
1490.793
1491.598
1491.766
1493.856
1494.859
1495.754
1496.520
1496.649
1496.987
1497.589
1498.720
1500.608
1500.789
1502.836
1503.129
1503.701
1503.793
1504.361
1507.045
1507.264
1507.574
1507.654
1507.866
1509.618
1510.191
1510.489
1512.490
1512.731
1513.766
1515.102
1515.110
1515.715
1515.732
1516.562
1516.934
1517.559
1517.580
1518.894
1519.044
1519.208
1519.841
1520.868
1521.100
1521.674
1523.567
1523.924
1525.298
1525.364
1528.586
1529.855
1530.353
1530.478
1531.028
1531.308
1531.934
1531.975
1532.330
1533.119
1533.358
1534.672
1535.286
1536.728
1537.292
1539.312
1539.402
1539.622
1540.646
1541.060
1541.433
1542.213
1543.377
1545.069
1546.889
1550.175
1550.548
1550.845
1551.627
1553.440
1554.677
1555.380
1555.469
1555.918
1557.529
1558.799
1558.909
1559.121
1559.832
1560.025
1560.666
1561.410
1562.152
1564.726
1566.159
1567.704
1567.945
1569.186
1569.357
1570.655
1571.967
1572.968
1573.600
1573.988
1574.097
1575.686
1575.752
1576.970
1577.393
1577.993
1579.184
1579.212
1581.156
1582.373
1583.010
1584.863
1585.628
1585.644
1585.727
1587.225
1588.611
1589.158
1590.688
1593.471
1595.536
1595.978
1597.186
1599.281
1599.372
1599.502
1600.704
1601.398
1601.480
1602.285
1602.537
1603.755
1604.708
1605.383
1605.487
1607.584
1607.870
1608.634
1608.831
1609.023
1609.714
1610.948
1611.322
1613.263
1613.661
1616.775
1618.060
1619.251
1620.473
1621.796
1626.649
1627.086
1628.492
1630.710
1632.319
1632.555
1632.619
1632.698
1632.778
1632.936
1635.126
1635.281
1636.489
1637.469
1638.935
1639.303
1640.912
1643.176
1643.257
1646.060
1646.170
1646.237
1647.443
1649.772
1650.247
1652.568
1654.168
1654.813
1655.068
1655.127
1655.498
1655.714
1656.386
1657.728
1658.778
1660.619
1661.454
1664.667
1665.383
1667.713
1670.940
1671.304
1672.545
1675.301
1676.600
1677.284
1677.941
1678.585
1681.617
1681.954
1683.010
1683.083
1684.617
1685.429
1685.670
1686.882
1687.272
1689.961
1690.383
1693.117
1693.317
1693.367
1695.224
1696.296
1698.494
1701.421
1701.587
1702.798
1704.871
1708.626
1710.272
1711.210
1713.970
1714.274
1714.439
1718.557
1718.983
1719.133
1719.501
1720.170
1721.631
1721.880
1722.079
1722.543
1723.680
1724.935
1727.390
1727.567
1730.870
1731.411
1732.389
1732.437
1733.579
1736.001
1736.479
1743.387
1744.390
1747.382
1749.087
1751.779
1753.516
1753.797
1754.101
1754.959
1756.673
1757.200
1757.603
1758.464
1758.677
1760.270
1761.343
1761.390
1761.417
1764.484
1765.256
1767.196
1770.485
1770.610
1771.301
1771.869
1773.013
1773.627
1775.870
1776.494
1777.508
1777.709
1778.544
1779.514
1781.139
1783.748
1784.734
1786.796
1787.995
1790.768
1790.906
1793.703
1795.001
1796.484
1796.725
1798.480
1799.863
1800.472
1800.717
1801.707
1804.700
1807.176
1807.573
1807.730
1809.505
1810.177
1810.768
1811.311
1811.594
1813.618
1814.849
1819.966
1820.052
1821.715
1822.829
1823.437
1824.011
1825.024
1825.857
1826.198
1826.446
1826.833
1826.945
1826.968
1827.630
1828.316
1829.189
1829.977
1830.899
1831.413
1832.381
1832.720
1837.839
1838.656
1841.071
1841.851
1842.261
1843.440
1844.369
1847.934
1848.611
1849.019
1852.281
1853.423
1854.455
1854.508
1856.028
1857.057
1858.177
1858.318
1858.604
1859.634
1860.205
1860.630
1860.840
1864.443
1864.837
1865.321
1866.450
1867.271
1868.270
1871.600
1872.315
1874.458
1875.656
1875.906
1877.933
1878.326
1880.265
1880.830
1881.101
1881.181
1884.269
1884.412
1886.034
1886.294
1887.426
1888.845
1889.681
1890.290
1892.920
1895.421
1896.776
1897.367
1898.755
1899.006
1899.562
1900.657
1901.871
1902.860
1902.883
1903.384
1904.186
1904.796
1904.855
1905.183
1906.022
1906.350
1906.378
1909.124
1909.721
1910.158
1911.508
1912.634
1913.168
1913.513
1917.155
1921.864
1921.958
1922.589
1923.289
1923.658
1924.027
1925.037
1925.912
1926.691
1928.895
1930.867
1931.929
1932.608
1932.877
1933.339
1933.688
1935.425
1936.649
1936.829
1937.219
1937.885
1941.932
1942.942
1943.063
1943.667
1945.414
1946.040
1946.592
1946.890
1948.234
1948.899
1949.630
1951.097
1953.989
1955.412
1956.145
1960.516
1961.143
1961.182
1964.070
1965.630
1970.835
1970.950
1971.294
1972.198
1973.222
1973.567
1974.145
1976.788
1977.384
1981.371
1987.248
1987.950
1988.504
1989.604
1992.252
1993.065
1994.068
1995.548
1996.860
1996.903
1997.226
1997.784
2001.775
2002.274
2002.943
2005.533
2005.785
2005.952
2006.724
2009.351
2013.119
2014.278
2015.519
2018.274
2020.140
2020.968
2023.516
2024.219
2026.858
2027.517
2031.433
2033.123
2033.396
2037.125
2037.517
2038.408
2039.209
2039.873
2040.117
2040.909
2044.521
2045.433
2046.543
2046.872
2047.539
2050.036
2050.537
2050.582
2050.644
2052.032
2052.185
2052.845
2052.960
2053.181
2054.099
2057.466
2061.788
2063.467
2064.221
2064.454
2067.296
2070.711
2073.813
2074.779
2074.850
2076.142
2076.534
2076.952
2078.555
2079.959
2080.711
2081.442
2083.952
2085.279
2085.854
2087.206
2087.567
2089.483
2089.573
2093.017
2094.953
2095.186
2096.995
2098.347
2100.077
2100.124
2102.134
2102.511
2103.325
2107.587
2109.792
2110.099
2111.793
2112.520
2113.668
2114.140
2114.511
2115.035
2116.062
2116.940
2117.138
2123.766
2124.054
2124.208
2124.874
2126.318
2127.614
2128.208
2128.865
2136.249
2136.950
2137.855
2138.665
2141.228
2141.729
2143.122
2145.266
2146.357
2147.520
2148.396
2150.177
2150.359
2153.026
2153.087
2153.935
2155.075
2159.026
2160.812
2161.607
2161.876
2162.078
2162.481
2163.405
2164.236
2167.441
2168.716
2170.254
2171.335
2171.619
2171.758
2176.840
2176.929
2179.015
2179.387
2179.691
2181.815
2183.746
2184.109
2184.232
2184.265
2186.573
2188.959
2190.441
2190.795
2193.053
2193.381
2193.765
2195.410
2196.177
2202.425
2202.482
2205.439
2206.045
2206.358
2206.645
2208.173
2210.511
2210.802
2212.070
2212.502
2212.733
2212.735
2214.013
2214.268
2215.652
2217.319
2218.210
2218.430
2220.881
2223.525
2224.998
2225.945
2226.600
2228.079
2228.646
2228.691
2228.755
2228.773
2228.948
2229.370
2230.619
2232.315
2232.723
2236.579
2237.934
2238.879
2240.069
2240.898
2241.275
2241.447
2242.288
2242.426
2242.519
2243.150
2246.120
2247.161
2248.328
2253.049
2254.111
2254.690
2255.834
2257.852
2259.940
2259.994
2261.392
2263.031
2263.495
2265.947
2269.395
2271.178
2273.069
2273.158
2274.184
2274.889
2276.105
2276.259
2277.300
2281.648
2281.898
2284.183
2287.775
2287.903
2289.526
2289.738
2295.660
2295.855
2296.404
2296.982
2298.502
2300.741
2300.941
2301.321
2307.668
2308.483
2308.751
2311.361
2311.838
2312.797
2316.316
2317.637
2318.308
2320.158
2324.512
2324.919
2325.614
2326.867
2327.153
2330.667
2331.009
2331.913
2332.703
2335.725
2337.663
2338.537
2338.952
2339.388
2339.976
2340.554
2343.547
2344.331
2344.579
2345.810
2346.645
2347.630
2348.460
2349.901
2351.274
2351.465
2352.007
2354.032
2354.925
2358.790
2361.583
2362.431
2365.560
2365.630
2365.810
2371.600
2374.905
2375.736
2377.154
2378.706
2383.060
2383.893
2386.360
2389.520
2389.776
2390.165
2393.891
2394.295
2397.415
2400.324
2400.717
2402.253
2404.005
2404.128
2406.790
2407.478
2408.424
2409.014
2409.116
2409.323
2410.445
2411.025
2411.953
2413.099
2414.438
2414.717
2418.361
2418.554
2420.337
2420.933
2422.684
2425.311
2425.968
2427.407
2428.837
2432.806
2433.307
2434.981
2436.294
2437.759
2440.103
2441.340
2441.668
2442.615
2443.128
2443.669
2444.347
2444.868
2445.818
2446.500
2447.567
2449.042
2453.760
2454.114
2455.059
2455.567
2455.729
2456.182
2458.935
2459.053
2460.263
2462.456
2465.462
2466.985
2472.690
2473.960
2475.533
2477.720
2479.364
2483.524
2484.676
2485.927
2486.063
2486.507
2487.419
2488.408
2491.222
2496.012
2499.014
2501.311
2503.165
2503.699
2506.149
2509.362
2511.252
2512.161
2513.451
2514.383
2516.217
2518.118
2518.151
2518.549
2525.861
2527.199
2528.183
2528.321
2528.387
2529.175
2529.871
2530.185
2530.408
2532.057
2533.086
2533.411
2533.638
2537.500
2537.989
2538.746
2540.658
2541.026
2541.865
2543.479
2543.637
2546.560
2547.148
2548.613
2557.704
2559.529
2560.017
2560.211
2563.941
2564.624
2565.006
2568.874
2569.494
2570.208
2571.332
2573.054
2574.285
2574.945
2577.927
2578.485
2578.909
2580.580
2582.647
2584.705
2585.271
2585.359
2585.735
2586.687
2586.705
2587.100
2588.618
2592.718
2596.272
2596.383
2596.882
2598.575
2599.801
2604.337
2604.509
2605.085
2612.223
2613.348
2614.527
2616.754
2617.077
2623.705
2625.122
2625.170
2626.353
2627.081
2631.381
2632.398
2635.015
2636.072
2638.064
2639.225
2640.483
2643.272
2643.374
2643.898
2644.182
2646.186
2647.494
2649.681
2649.795
2652.567
2654.592
2657.242
2659.169
2660.089
2662.131
2662.517
2664.255
2664.650
2666.569
2668.321
2668.915
2671.108
2676.662
2678.220
2679.070
2680.175
2683.009
2683.665
2684.954
2686.873
2687.376
2687.419
2687.637
2689.543
2693.276
2698.194
2698.615
2701.150
2703.033
2703.227
2704.265
2705.177
2706.734
2708.060
2708.551
2710.954
2711.481
2711.595
2716.795
2717.050
2718.125
2718.631
2723.963
2726.182
2727.606
2728.479
2728.656
2734.409
2737.246
2740.630
2740.806
2741.753
2743.222
2743.646
2743.836
2743.896
2744.718
2747.172
2747.825
2748.622
2751.035
2755.317
2756.210
2757.046
2758.357
2759.017
2759.163
2759.631
2762.056
2762.648
2764.033
2765.456
2765.519
2766.293
2768.267
2769.603
2770.760
2776.313
2777.277
2779.637
2779.969
2780.099
2780.465
2782.068
2783.236
2784.846
2785.709
2788.375
2790.114
2793.968
2796.240
2796.240
2798.859
2801.225
2801.844
2801.941
2802.975
2803.337
2803.673
2805.681
2807.652
2809.089
2810.144
2810.878
2810.996
2813.850
2814.833
2816.777
2816.948
2818.377
2818.473
2818.526
2820.142
2825.340
2828.466
2829.713
2830.959
2835.593
2836.518
2837.182
2837.433
2842.894
2846.394
2847.061
2851.275
2851.823
2851.991
2853.757
2856.146
2857.373
2857.729
2858.671
2860.100
2864.949
2866.003
2866.139
2869.742
2869.825
2871.395
2872.122
2872.560
2872.791
2878.865
2879.890
2880.540
2881.885
2882.853
2887.506
2889.874
2891.387
2891.955
2895.114
2896.220
2896.354
2897.219
2897.354
2898.203
2898.371
2904.187
2906.372
2909.435
2911.689
2913.405
2914.224
2915.908
2916.806
2918.783
2923.131
2926.633
2927.830
2929.391
2930.317
2935.249
2935.282
2935.760
2936.734
2937.021
2941.974
2942.800
2944.365
2945.733
2946.114
2947.638
2948.770
2950.149
2951.299
2953.861
2954.875
2954.922
2959.818
2960.807
2964.269
2969.196
2971.883
2971.907
2973.220
2975.511
2976.576
2978.197
2979.842
2981.563
2983.850
2984.248
2986.812
2987.166
2991.124
2991.699
2993.018
2997.140
3001.795
3007.153
3007.497
3008.451
3012.294
3012.478
3014.070
3015.231
3015.461
3015.554
3020.644
3021.481
3024.050
3024.189
3029.947
3030.227
3033.682
3037.495
3043.311
3044.305
3046.396
3047.020
3050.574
3052.952
3058.230
3061.221
3061.570
3062.479
3064.674
3064.723
3067.897
3068.873
3076.742
3077.978
3078.433
3079.295
3081.767
3082.610
3087.331
3087.411
3089.136
3092.025
3095.483
3095.631
3096.179
3098.773
3101.091
3103.443
3104.471
3105.677
3106.976
3108.981
3109.930
3112.175
3117.234
3117.875
3119.519
3120.096
3121.208
3121.453
3123.206
3123.392
3123.399
3123.827
3125.429
3128.127
3128.542
3128.642
3129.458
3129.630
3131.729
3132.379
3132.530
3133.576
3137.363
3138.010
3138.455
3138.882
3140.266
3145.229
3145.456
3146.380
3146.471
3148.787
3149.729
3152.740
3152.871
3156.892
3158.307
3159.730
3160.532
3162.297
3162.443
3163.495
3164.858
3166.482
3170.153
3170.935
3172.623
3173.378
3177.784
3177.855
3178.004
3179.625
3181.285
3183.558
3185.661
3186.115
3186.935
3188.814
3189.097
3189.736
3193.026
3194.166
3197.258
3197.515
3202.068
3204.050
3207.526
3207.914
3208.472
3211.999
3212.628
3215.459
3216.823
3217.392
3220.922
3221.281
3225.822
3228.632
3228.682
3236.084
3237.502
3239.998
3241.313
3245.286
3247.127
3249.180
3250.129
3251.210
3252.448
3254.265
3254.357
3254.794
3263.098
3263.464
3264.225
3265.162
3266.408
3272.680
3274.607
3274.987
3278.560
3278.663
3281.918
3281.988
3282.287
3283.467
3288.363
3290.845
3294.710
3296.273
3296.385
3296.802
3297.478
3303.886
3304.417
3306.819
3313.022
3315.483
3318.059
3318.742
3319.041
3322.820
3323.828
3326.389
3327.542
3327.674
3328.059
3333.272
3333.965
3335.245
3336.298
3338.476
3342.945
3349.451
3355.808
3356.508
3357.053
3357.604
3360.856
3361.851
3362.775
3367.838
3368.185
3370.443
3370.626
3371.461
3375.274
3376.811
3378.919
3384.417
3390.580
3394.572
3397.706
3398.323
3398.525
3398.745
3398.925
3403.836
3404.147
3405.475
3406.914
3413.753
3418.567
3418.832
3420.000
3424.097
3437.344
3437.808
3439.043
3441.072
3442.234
3443.572
3444.509
3445.716
3446.141
3448.080
3450.076
3450.454
3450.752
3455.414
3458.290
3463.064
3463.963
3466.437
3467.079
3467.395
3467.538
3475.066
3475.684
3476.656
3476.805
3477.897
3479.490
3479.838
3480.307
3480.715
3485.197
3486.415
3489.099
3491.366
3491.860
3493.318
3495.279
3495.857
3496.234
3497.425
3498.885
3499.509
3499.957
3502.917
3503.328
3504.646
3505.902
3506.231
3507.111
3510.399
3511.715
3513.231
3517.099
3517.252
3521.436
3523.111
3525.001
3530.409
3531.071
3532.914
3535.780
3536.001
3536.282
3536.982
3538.325
3539.009
3541.394
3541.694
3543.774
3544.187
3547.031
3548.300
3548.635
3549.353
3550.390
3552.302
3555.683
3558.600
3561.450
3561.512
3562.122
3563.122
3566.088
3566.384
3570.890
3574.166
3575.159
3576.852
3579.991
3580.023
3581.559
3584.284
3584.761
3584.812
3585.355
3587.335
3591.677
3597.151
3601.376
3603.838
3606.848
3607.177
3608.093
3608.254
3609.742
3613.184
3614.541
3615.268
3616.899
3618.181
3621.091
3622.580
3625.083
3626.486
3627.423
3627.666
3629.366
3635.796
3635.811
3640.398
3641.457
3643.448
3645.737
3646.309
3646.747
3648.463
3650.867
3651.642
3652.106
3652.809
3654.809
3655.588
3662.199
3667.413
3668.586
3672.763
3674.305
3674.804
3677.850
3700.526
3701.049
3703.220
3709.032
3712.977
3717.593
3721.878
3723.522
3724.512
3726.767
3732.436
3734.876
3734.928
3739.012
3743.968
3751.583
3754.710
3755.071
3755.498
3759.630
3768.301
3773.728
3776.795
3778.669
3778.849
3779.872
3782.261
3789.841
3791.017
3799.991
3801.757
3804.109
3808.440
3809.171
3811.506
3811.778
3812.045
3815.784
3817.731
3821.331
3822.137
3823.891
3825.913
3826.947
3831.467
3832.789
3836.089
3837.331
3840.254
3840.919
3841.913
3844.490
3844.545
3849.262
3849.466
3852.710
3852.794
3855.073
3856.188
3856.693
3857.317
3857.723
3858.149
3858.203
3859.404
3864.412
3864.873
3865.594
3867.098
3872.548
3872.747
3874.084
3874.158
3876.873
3877.126
3877.501
3884.391
3886.859
3888.304
3888.566
3892.444
3895.396
3897.381
3898.928
3900.053
3900.609
3903.840
3906.365
3906.653
3906.701
3907.336
3908.748
3909.698
3912.464
3913.799
3913.881
3916.434
3917.696
3919.543
3919.649
3919.799
3921.392
3922.733
3925.294
3925.707
3931.952
3932.325
3935.544
3936.288
3939.889
3941.693
3944.029
3945.372
3945.412
3947.405
3950.927
3951.628
3955.236
3957.241
3957.297
3957.408
3959.861
3960.024
3960.664
3961.006
3963.501
3964.814
3966.007
3969.633
3971.808
3974.609
3974.839
3975.836
3985.201
3987.701
3988.393
3991.783
3992.618
4003.010
4005.945
4008.422
4011.238
4014.994
4015.520
4015.867
4020.856
4023.147
4023.417
4023.459
4034.843
4036.073
4036.833
4037.454
4044.258
4045.416
4045.567
4045.709
4050.699
4055.729
4059.818
4062.383
4063.449
4072.490
4082.242
4085.722
4087.924
4089.523
4089.623
4090.254
4091.871
4100.048
4105.448
4105.723
4112.885
4115.288
4117.138
4124.003
4126.555
4129.766
4136.528
4144.409
4144.980
4146.923
4148.635
4149.586
4150.181
4153.942
4155.735
4155.951
4161.224
4162.858
4182.049
4185.444
4185.497
4185.603
4195.264
4199.424
4203.001
4203.042
4205.437
4206.330
4206.883
4210.327
4211.578
4215.239
4216.091
4216.834
4217.586
4218.475
4218.517
4225.223
4226.429
4227.195
4229.317
4229.495
4230.828
4234.703
4239.485
4241.780
4247.393
4251.603
4254.207
4254.355
4257.512
4260.517
4261.526
4261.892
4262.071
4263.336
4264.019
4265.715
4267.589
4267.946
4268.789
4270.615
4272.315
4279.182
4279.262
4280.408
4281.195
4287.039
4287.239
4288.716
4289.819
4290.128
4291.049
4291.770
4292.626
4292.885
4294.268
4294.316
4295.812
4296.328
4297.533
4297.547
4301.013
4301.161
4303.389
4305.496
4308.901
4310.755
4314.836
4314.917
4315.941
4318.335
4319.842
4323.478
4323.686
4328.359
4328.650
4331.151
4336.321
4336.414
4337.089
4338.299
4341.041
4344.691
4346.503
4346.669
4347.337
4351.198
4351.901
4355.513
4358.688
4360.363
4361.188
4365.322
4369.748
4370.409
4371.101
4371.540
4372.508
4376.102
4380.974
4385.061
4387.352
4390.474
4395.550
4397.780
4400.281
4401.046
4401.200
4404.038
4408.525
4409.065
4409.212
4414.490
4415.486
4416.910
4418.453
4419.244
4419.840
4424.565
4434.202
4434.257
4435.523
4438.738
4449.166
4459.467
4469.446
4470.448
4471.829
4472.260
4475.785
4482.074
4482.963
4486.702
4493.297
4500.730
4507.712
4511.128
4513.514
4520.990
4522.471
4527.920
4531.142
4534.376
4540.118
4542.862
4547.457
4551.496
4554.218
4562.111
4565.143
4572.951
4581.161
4582.210
4584.642
4593.682
4594.191
4594.359
4600.760
4601.034
4604.066
4604.604
4606.382
4608.712
4616.970
4619.252
4619.634
4620.740
4623.577
4626.632
4627.059
4628.496
4629.435
4639.116
4639.665
4643.342
4649.781
4650.985
4652.811
4654.546
4655.112
4655.953
4658.079
4658.929
4658.934
4662.186
4664.167
4664.728
4666.592
4667.728
4668.910
4670.982
4671.031
4672.371
4672.436
4672.529
4679.026
4679.315
4679.941
4681.204
4681.946
4683.500
4685.036
4686.961
4689.571
4690.640
4696.026
4697.855
4699.403
4699.410
4702.306
4704.369
4706.052
4707.412
4707.881
4710.195
4712.052
4718.352
4718.545
4719.420
4723.056
4728.315
4729.494
4729.664
4729.736
4730.485
4732.487
4733.606
4734.640
4739.879
4752.513
4754.371
4760.123
4761.279
4762.059
4762.814
4767.253
4770.276
4775.775
4778.409
4780.176
4783.616
4783.679
4783.852
4788.837
4791.469
4794.100
4794.843
4802.180
4803.578
4809.869
4811.504
4819.252
4819.467
4820.077
4821.137
4826.353
4830.912
4831.927
4834.133
4834.710
4835.010
4841.615
4844.115
4846.043
4848.597
4852.719
4860.619
4861.059
4869.358
4870.456
4877.241
4879.933
4892.486
4897.179
4905.095
4918.941
4931.127
4934.875
4935.525
4946.358
4948.498
4953.983
4955.188
4959.532
4961.233
4962.128
4965.676
4971.168
4972.151
4982.138
4983.873
4987.118
5007.644
5008.409
5009.691
5018.373
5018.748
5020.729
5021.624
5022.224
5022.752
5024.285
5026.588
5027.765
5030.460
5035.824
5039.966
5044.022
5046.369
5046.495
5050.496
5051.320
5056.550
5059.002
5061.457
5061.514
5062.454
5063.336
5067.043
5068.693
5069.692
5069.834
5071.821
5074.722
5076.152
5078.079
5078.851
5078.871
5078.905
5079.732
5080.579
5081.422
5087.273
5096.282
5097.315
5097.559
5098.420
5100.881
5107.255
5119.902
5121.501
5123.784
5124.142
5125.425
5133.203
5133.332
5133.611
5139.303
5139.421
5150.770
5151.467
5155.814
5159.308
5166.448
5176.143
5177.235
5178.830
5181.270
5182.101
5184.129
5184.921
5185.747
5187.676
5192.815
5195.120
5200.830
5200.839
5209.369
5209.593
5209.871
5222.175
5222.641
5223.683
5224.149
5228.007
5228.170
5230.466
5231.770
5235.205
5239.315
5242.087
5243.758
5247.361
5247.427
5249.286
5253.340
5255.744
5264.683
5267.923
5269.198
5272.977
5273.325
5275.117
5281.302
5289.350
5289.961
5303.158
5313.446
5316.822
5320.020
5329.574
5342.720
5346.499
5352.649
5353.939
5368.629
5385.158
5385.516
5387.854
5392.207
5401.664
5408.841
5409.955
5415.669
5419.092
5419.491
5421.887
5425.303
5426.402
5427.012
5436.399
5437.955
5450.021
5450.299
5452.074
5453.084
5454.508
5456.865
5465.861
5466.154
5471.785
5472.059
5481.605
5484.396
5485.658
5487.782
5489.536
5490.952
5492.732
5499.195
5499.867
5500.910
5501.551
5502.591
5504.038
5506.133
5510.542
5511.153
5514.655
5515.852
5516.610
5521.814
5522.241
5525.648
5531.123
5535.826
5537.249
5539.582
5544.930
5550.075
5562.235
5568.353
5568.621
5569.077
5570.266
5572.298
5573.888
5574.606
5584.998
5588.556
5590.513
5596.704
5597.009
5602.998
5608.868
5611.294
5611.685
5612.283
5613.857
5616.927
5618.813
5623.844
5627.448
5627.577
5629.813
5633.045
5641.238
5642.512
5645.766
5648.360
5651.486
5652.713
5652.751
5654.388
5660.414
5678.298
5693.090
5695.277
5696.161
5696.616
5697.604
5698.782
5702.328
5708.896
5712.890
5725.918
5738.376
5738.432
5741.248
5752.623
5788.722
5800.989
5803.716
5808.410
5808.757
5809.647
5815.658
5817.703
5817.918
5820.056
5828.406
5830.148
5839.496
5839.901
5849.638
5854.754
5858.797
5860.693
5866.385
5866.982
5867.346
5868.051
5871.035
5871.683
5871.815
5882.964
5883.041
5888.729
5891.782
5895.446
5895.969
5903.034
5907.720
5908.233
5923.874
5928.386
5929.885
5931.493
5932.741
5934.213
5937.396
5939.532
5939.831
5941.345
5941.372
5949.311
5952.408
5953.537
5955.754
5961.108
5961.979
5967.845
5970.164
5972.149
5974.729
5984.452
5992.462
5999.964
6002.082
6002.960
6006.364
6008.614
6010.734
6016.959
6020.185
6021.090
6023.406
6029.403
6031.636
6032.945
6033.276
6034.056
6036.275
6044.705
6048.328
6050.273
6051.167
6053.358
6055.284
6061.661
6068.778
6069.311
6071.098
6071.678
6076.458
6076.871
6085.371
6086.122
6092.814
6093.982
6118.544
6124.209
6130.499
6133.380
6143.678
6150.141
6173.596
6174.783
6179.599
6184.299
6186.644
6195.511
6205.220
6206.965
6224.840
6231.816
6253.814
6256.201
6260.413
6265.634
6267.118
6269.778
6282.039
6285.486
6285.922
6290.817
6292.586
6294.525
6295.578
6299.318
6299.641
6300.095
6302.220
6306.110
6307.879
6317.426
6318.083
6335.124
6337.482
6344.769
6346.219
6364.947
6368.639
6376.535
6377.702
6381.017
6383.879
6390.927
6394.363
6397.997
6404.318
6419.224
6423.022
6430.138
6434.270
6434.956
6438.272
6443.462
6446.927
6455.667
6456.344
6457.929
6459.155
6464.256
6475.366
6479.174
6484.770
6500.242
6500.538
6510.893
6515.909
6526.701
6528.119
6539.771
6542.556
6544.155
6545.043
6548.867
6554.822
6570.002
6576.227
6577.705
6580.530
6582.703
6605.548
6610.030
6610.126
6613.295
6633.331
6638.159
6649.735
6651.047
6657.904
6664.607
6666.023
6667.423
6679.586
6682.398
6686.019
6687.728
6690.080
6690.820
6718.619
6725.265
6727.900
6731.414
6735.694
6755.402
6756.638
6758.785
6760.235
6761.714
6775.698
6781.752
6796.703
6797.001
6798.910
6801.614
6805.085
6810.677
6811.528
6829.124
6830.075
6834.485
6839.038
6841.486
6841.707
6848.224
6848.683
6861.694
6863.275
6879.212
6879.700
6888.717
6891.491
6895.046
6895.565
6903.092
6908.010
6909.995
6917.896
6918.352
6928.591
6950.749
6952.064
6954.053
6978.402
6995.331
7005.110
7005.213
7007.332
7008.346
7029.171
7032.421
7041.716
7064.214
7068.782
7081.734
7081.899
7083.338
7089.814
7104.165
7107.515
7109.106
7122.243
7123.305
7123.902
7130.174
7138.539
7140.214
7142.149
7147.017
7154.793
7159.686
7175.538
7194.298
7196.064
7198.015
7202.967
7204.006
7205.463
7213.490
7225.691
7225.876
7240.992
7241.139
7243.172
7249.790
7252.658
7258.047
7269.136
7287.147
7294.987
7300.177
7306.907
7317.301
7344.665
7346.654
7348.272
7357.300
7361.361
7376.359
7377.399
7396.531
7433.462
7451.287
7477.144
7478.502
7480.299
7485.510
7488.126
7488.579
7516.910
7520.361
7521.123
7530.596
7533.103
7534.967
7536.384
7544.465
7556.259
7560.706
7561.331
7561.366
7569.224
7585.267
7609.718
7614.444
7617.061
7619.203
7619.996
7624.046
7633.596
7637.995
7642.886
7649.399
7668.402
7678.487
7681.917
7685.973
7697.086
7706.794
7730.329
7748.817
7775.264
7789.185
7809.708
7816.500
7831.350
7854.052
7875.259
7896.183
7911.574
7912.253
7913.616
7917.156
7935.843
7940.218
7944.660
7952.933
7956.057
7961.650
7970.013
7976.758
7977.162
7992.022
7994.802
7999.923
8003.735
8010.661
8016.766
8016.984
8021.984
8024.604
8030.366
8039.993
8042.130
8045.871
8121.652
8123.978
8143.239
8149.143
8154.269
8164.019
8279.266
8279.817
8286.665
8293.414
8321.384
8345.099
8361.352
8366.516
8375.722
8376.601
8379.810
8401.677
8410.344
8411.737
8412.379
8423.956
8426.729
8432.421
8433.263
8443.426
8471.467
8494.791
8513.757
8517.829
8546.862
8551.963
8562.287
8598.958
8631.542
8631.917
8632.480
8650.680
8662.588
8672.330
8691.962
8759.757
8775.496
8789.077
8795.455
8819.330
8822.360
8827.491
8856.600
8858.893
8861.096
8868.465
8881.061
8930.035
8948.673
8959.415
8966.462
8970.499
8997.668
9027.384
9031.606
9049.982
9053.153
9114.895
9117.238
9127.620
9128.893
9156.575
9173.616
9180.530
9228.005
9260.031
9266.888
9266.968
9291.065
9356.656
9393.785
9422.247
9433.228
9434.547
9452.112
9509.632
9553.083
9558.374
9574.249
9576.833
9613.495
9613.691
9613.993
9644.316
9660.571
9704.902
9776.288
9812.352
9845.417
9854.415
9878.935
9881.353
9921.396
9923.786
9933.973
9936.567
9963.174
9965.347
9965.390
9983.497
10009.297
10011.333
10031.816
10056.786
10066.303
10082.164
10097.709
10156.586
10209.845
10258.028
10277.218
10299.813
10373.544
10433.655
10477.036
10484.084
10491.198
10508.778
10551.788
10567.026
10582.110
10644.138
10690.833
10743.849
10761.340
10794.021
10802.387
10807.901
10832.429
10846.215
10848.972
10895.021
10926.132
10969.931
11018.133
11032.648
11091.543
11094.910
11127.709
11237.802
11241.449
11247.650
11288.824
11346.258
11352.293
11364.116
11406.971
11413.495
11453.238
11459.578
11472.301
11472.909
11529.782
11549.198
11563.682
11564.372
11599.521
11602.431
11610.344
11628.980
11684.325
11705.526
11748.268
11766.038
11806.283
11847.837
11871.811
11907.958
11941.713
11943.716
12003.831
12006.245
12008.581
12018.091
12048.131
12085.470
12138.382
12231.685
12240.283
12241.239
12291.589
12314.416
12324.774
12386.239
12428.545
12438.183
12445.496
12454.160
12534.539
12540.876
12554.640
12561.856
12569.435
12648.004
12655.221
12676.118
12683.319
12689.693
12704.633
12741.044
12763.883
12840.486
12859.887
12931.299
12967.771
12968.803
13042.975
13045.990
13081.859
13085.186
13214.260
13218.102
13285.320
13289.974
13328.622
13332.926
13333.536
13371.912
13379.745
13390.410
13402.352
13408.516
13571.009
13577.285
13625.937
13650.077
13722.962
13740.752
13763.184
13800.160
13855.163
13904.403
13914.646
13991.271
14013.676
14017.835
14019.048
14043.164
14088.427
14194.862
14300.798
14347.312
14353.291
14379.307
14387.989
14433.935
14444.320
14460.130
14629.159
14629.476
14674.228
14687.408
14697.961
14704.962
14832.962
14874.804
14892.159
15006.696
15023.443
15037.969
15044.769
15060.493
15060.879
15141.982
15150.354
15168.815
15184.329
15228.720
15313.513
15336.844
15374.141
15374.870
15744.440
15781.879
15810.030
15821.393
15866.100
15874.278
15907.286
15924.745
15937.844
15954.376
15960.423
15986.858
16031.114
16066.545
16114.660
16116.449
16135.038
16145.421
16176.577
16190.983
16291.818
16361.281
16376.883
16378.701
16394.596
16412.047
16463.504
16483.206
16724.135
16776.130
16934.324
16940.371
17009.437
17009.902
17031.046
17050.929
17076.434
17092.295
17092.432
17192.430
17237.516
17259.547
17299.941
17311.498
17363.938
17373.082
17449.193
17505.804
17578.386
17623.321
17711.370
17797.552
17815.737
17914.323
17918.394
17921.861
17956.041
17976.090
18049.094
18117.218
18136.827
18190.531
18234.859
18248.511
18252.794
18329.042
18356.094
18376.191
18397.149
18470.256
18493.970
18533.031
18541.588
18572.636
18613.373
18653.041
18687.829
18782.508
19042.406
19045.999
19093.062
19121.027
19222.877
19236.344
19242.883
19244.553
19253.040
19403.753
19500.336
19524.971
19593.346
19602.701
19628.116
19975.890
19994.926
20023.730
20025.201
20092.633
20153.399
20227.305
20254.331
20270.480
20296.059
20311.836
20324.055
20406.436
20423.817
20458.391
20527.689
20533.966
20570.342
20640.873
20789.273
20879.931
20884.136
20913.659
20944.928
20977.909
21220.947
21278.551
21363.811
21505.498
21595.144
21666.535
21760.809
21818.990
21903.245
21934.342
21944.709
22111.126
22211.821
22215.063
22342.396
22357.678
22361.218
22388.733
22479.618
22487.255
22569.814
22576.911
22626.314
22682.955
22739.269
22781.500
23018.814
23050.665
23123.276
23166.917
23413.229
23445.501
23449.001
23476.866
23514.346
23635.382
23714.457
23778.407
23907.777
23947.996
24031.301
24124.809
24281.605
24285.403
24315.119
24422.733
24502.212
24562.640
24683.288
24713.113
24734.341
24799.638
24805.302
24832.516
24896.022
24971.174
24980.349
25018.321
25293.355
25388.620
25407.091
25488.800
25717.326
25771.554
25797.713
26044.022
26099.221
26182.050
26245.157
26278.151
26447.224
26462.244
26506.515
26539.575
26637.039
26677.642
26873.341
26949.729
27020.995
27062.127
27062.402
27307.308
27360.697
27400.274
27453.442
27484.230
27786.859
27826.088
27854.290
27895.227
28055.609
28099.070
28262.908
28338.983
28407.718
28413.751
28535.506
28833.549
28837.179
28899.224
28961.786
29010.346
29064.962
29141.840
29239.058
29305.992
29349.203
29401.030
29454.149
29563.699
29660.892
29776.853
29932.316
30277.144
30338.891
30355.255
30371.838
30381.395
30411.885
30625.841
30704.226
30955.356
31208.442
31433.530
31476.148
31593.289
31623.705
31703.641
31741.204
31753.454
31754.846
31946.940
32009.283
32009.616
32066.843
32265.712
32372.478
32689.059
32841.928
32854.758
32938.344
33013.207
33099.342
33130.200
33230.151
33316.580
33455.123
33540.481
33880.928
34051.523
34108.449
34298.248
34522.707
34635.020
34761.668
34940.905
34942.825
35021.166
35545.710
35590.090
35597.690
35597.925
35599.721
35634.913
35983.613
36058.338
36104.531
36282.626
36451.458
36533.108
36793.869
36919.693
37092.465
37157.794
37203.645
37288.471
37292.887
37305.590
37368.628
37742.564
37760.832
37822.589
37840.519
38585.786
38621.920
38632.285
38797.057
38947.100
38999.834
39203.711
39443.878
39524.547
39646.420
39667.070
39732.889
40090.570
40609.305
40741.469
40878.698
40922.062
40930.177
41068.537
41228.453
41547.328
41699.913
41906.525
41956.806
42231.914
42429.325
42534.165
42865.554
43023.017
43145.449
43415.538
43459.257
43480.434
43846.785
44150.121
44436.659
44546.034
44791.891
44899.410
45091.169
45164.906
45182.103
45199.898
45227.607
45756.672
45832.462
46127.749
46361.773
46698.434
46875.534
47037.404
47194.321
47298.077
47340.040
48071.223
48428.058
48474.785
49212.232
49219.096
49349.338
49440.730
49471.581
49508.490
50219.021
50360.795
50653.625
51026.647
51134.946
51158.259
51690.341
52183.997
52339.535
52448.496
52463.990
52571.107
53162.368
53394.487
53512.592
53752.089
54003.270
54294.803
54402.670
54920.114
54992.533
55153.400
55278.140
55494.449
55859.852
55972.826
56789.066
57038.453
57074.300
57576.562
57838.131
58474.930
58821.131
59156.693
59232.721
59422.451
59995.388
60350.092
60405.376
60622.783
60842.138
60854.901
61666.713
61705.962
62162.704
63378.832
63551.468
64128.943
64408.226
64897.830
64945.927
65084.252
65479.631
65523.142
66382.871
66772.386
67391.332
67977.385
68930.028
69450.733
69799.629
70432.924
70962.917
71050.809
71830.004
72999.185
73777.413
73988.739
74987.063
75929.024
76103.803
76864.778
77071.690
78022.564
78072.647
78705.841
82457.830
82472.369
82619.341
84015.110
84077.553
